2 0.42109375 0.8671875 0.16171875 0.240625
2 0.65078125 0.7171875 0.1765625 0.2609375
2 0.34765625 0.66015625 0.16171875 0.24296875
2 0.2484375 0.84921875 0.1578125 0.24609375
2 0.56015625 0.8828125 0.14921875 0.23046875
2 0.6375 0.4609375 0.1609375 0.2515625
2 0.503125 0.6078125 0.15703125 0.24140625
2 0.74296875 0.503125 0.12421875 0.221875
2 0.23359375 0.6359375 0.1171875 0.19375
2 0.2625 0.20859375 0.14375 0.2125
2 0.72890625 0.1078125 0.15 0.21171875
2 0.6671875 0.29375 0.14453125 0.19921875
2 0.42265625 0.05234375 0.1078125 0.10390625
2 0.58203125 0.040625 0.13671875 0.0765625