2 0.4160486007108122 0.8598372812528833 0.16389991529826115 0.24346144805083547
2 0.6466087751824554 0.7058280710271834 0.1780805899662962 0.2640194099013883
2 0.3438155732888615 0.6540878875835494 0.16391809601642038 0.24658644805083546
2 0.24349688984022774 0.8448822573068959 0.1592487767345796 0.24962962743398442
2 0.5550201971200159 0.873034936286303 0.1513453731437835 0.2338682597392328
2 0.6348183440715127 0.44980989610826133 0.16240104781181836 0.254371674511885
2 0.49958885031802874 0.5990304204579905 0.15764991529826097 0.24335235389503396
2 0.7400416543763632 0.4901564322291133 0.12629083098930566 0.2240568831160271
2 0.2298939738545956 0.6318601059269241 0.11831470452587264 0.19579551542127546
2 0.261286437062871 0.20401179545634288 0.14498628883482798 0.21500916558343128
2 0.7282790152235064 0.10132426197464135 0.15123628883482781 0.2026485239492827
2 0.6654785124930319 0.2821041988682048 0.1449135659621911 0.2025091655834313
2 0.4223517229708328 0.04873484740385988 0.10841246369925468 0.09746969480771976
2 0.5817949006639299 0.034973446227406654 0.1379454275949012 0.06994689245481331