2 0.40143136632260656 0.8437306503039338 0.19656407759274241 0.26331365690134445
2 0.6447828980593487 0.7154535714575502 0.21599603919208263 0.2872967261808167
2 0.3475465337152993 0.6310548055559255 0.19821750580598776 0.2664841210079672
2 0.23154476365703952 0.8095782738191835 0.1936209340192331 0.269472728688099
2 0.5389457381885034 0.8670962909744493 0.1834275801000249 0.2410749440483631
2 0.6553182666265405 0.4594619842313894 0.19844482633910107 0.27429662100796703
2 0.5075065554229117 0.5927782525737895 0.19348454169936496 0.26478522868809906
2 0.7561282603583341 0.511262513460849 0.15686508010002492 0.24030205423577727
2 0.23627641310304356 0.5959787750728246 0.1466262620741939 0.2103417695960413
2 0.30529656842154235 0.17330214152844522 0.1753877595669115 0.23303512351524955
2 0.7790235734361073 0.11616977154301016 0.1816377595669115 0.2323395430860203
2 0.7005899995377816 0.2955071328194636 0.17346154671392994 0.2204896594086268
2 0.4788440655185484 0.04549304176587207 0.12331313103709682 0.09098608353174414
2 0.6390685116784824 0.041782362727950384 0.14799488229073815 0.08356472545590077