4 0 0.743385653125 0.0101543796875 0.7436284046875 0.02717254375 0.7365181375 0.047079025000000004 0.6679667640625 0.0505138296875 0.6303910703125 0.0299528703125 0.5497773203125 0.00894589375 0.516676909375 0 0.510781096875 0 0.743385653125
4 0.44872250324970614 0.4232861266265008 0.2903206314911742 0.345588784088962
4 0.24866973052153477 0.2955680499205698 0.26836381087432315 0.3405194545436571
4 0.5050345531669806 0.19502871307166433 0.24380809577735912 0.276047851459402
4 0.6813071323085436 0.47702123255342493 0.3371604496723931 0.43387971671852166
4 0.36960419886820484 0.660532756496117 0.26530126623205436 0.25455468100470674
4 0.2819929249222174 0.48945837175523677 0.11457278896022585 0.12071369480442443
4 0.1477582467568844 0.5285090093354908 0.2514024074657565 0.2636842191541538
4 0.035452710228995266 0.6297732747567663 0.07090542045799053 0.25607845048646743
4 0.16270358807331198 0.7461504768680868 0.26121378408896184 0.2888478603878557
4 0.053706058038244596 0.801293718750412 0.10741211607648919 0.12866256249917604
4 0.3355041140478943 0.8243594772751239 0.2562341834403387 0.18254331330995513
4 0.5220007215963763 0.7890826761400334 0.26143197240056465 0.3013478603878557
4 0.7788819671321494 0.7931899289827025 0.36120587580913116 0.3796285933417273