4 0 0.7953153796875 0.042040071875 0.7931372796875 0.05823373125 0.78478015 0.070527678125 0.7151064875 0.0698072140625 0.677480853125 0.04039689375 0.598871415625 0.0157856703125 0.5675438484375 0 0.5589936765625 0 0.7953153796875
4 0.4441461579408209 0.44116463339431544 0.25839649204327075 0.32171355736790747
4 0.23057510128900205 0.32928970003181673 0.23650331070972525 0.31989651869827124
4 0.47574324530554674 0.2102509880649061 0.21858855736790747 0.25719652402927135
4 0.6820365092695939 0.4775310367599957 0.2968964653882701 0.40808740937299814
4 0.39131896057450427 0.6835515807208611 0.24329765603118042 0.23248742536599848
4 0.2853973192632305 0.5197970687062254 0.10283519334818117 0.11055678668045381
4 0.15590017592300356 0.5690783586887262 0.22778174403245305 0.24168061203054414
4 0.03816997262891082 0.6809505553389543 0.07633994525782165 0.24940111067790854
4 0.1948064925605049 0.7844039140276806 0.23432264536918015 0.26675333736472595
4 0.07038194127945703 0.8500914540101814 0.14076388255891406 0.11268290802036277
4 0.3761104892186871 0.8490220393857248 0.24244313335454448 0.1590499253659985
4 0.5571792232256868 0.7995594834102236 0.23446809603754382 0.27925333736472596
4 0.8144286492282321 0.7838003127784494 0.32745557471354336 0.349076036043907