4 0 0.8234375 0.0671875 0.815625 0.0828125 0.80625 0.090625 0.7359375 0.0875 0.6984375 0.053125 0.621875 0.0265625 0.5921875 0.00625 0.5828125 0 0.5828125 0 0.8234375
4 0.44609375 0.4390625 0.2390625 0.30625
4 0.22578125 0.340625 0.2171875 0.30625
4 0.4625 0.20625 0.203125 0.24375
4 0.6859375 0.459375 0.271875 0.390625
4 0.40859375 0.68359375 0.2296875 0.2171875
4 0.2921875 0.52734375 0.096875 0.1046875
4 0.16640625 0.584375 0.2140625 0.228125
4 0.04375 0.7046875 0.0875 0.24375
4 0.21875 0.796875 0.21875 0.253125
4 0.08359375 0.87265625 0.1671875 0.1015625
4 0.40390625 0.85 0.2328125 0.14375
4 0.58203125 0.7890625 0.2171875 0.265625
4 0.8375 0.75703125 0.30625 0.3296875