0 0.35747549961875036 0.41782965328613847 0.2645781783803475 0.36079423870145283
0 0.5848932912218754 0.48551495058882177 0.2376883700597226 0.3464226560311804
0 0.7768976468452087 0.4082604652291867 0.23917813487736145 0.34331583736472593
0 0.9182233231382639 0.1354122165420512 0.16355335372347213 0.2503465400222717
0 0.9328514804327085 0.4219946065404604 0.13429703913458296 0.32351132001909005
0 0.9388417346589414 0.7954593785407785 0.12231653068211727 0.309321550684272
0 0.7558507158025008 0.9477138639004137 0.22859908510611113 0.09013629336408932
0 0.13389448888517402 0.5149881059834553 0.2516417672861809 0.3418987880330894
0 0.5505066395301048 0.8211620965945489 0.2517872376509029 0.3481487880330896
0 0.7649126720151742 0.7327064818985047 0.2688656348773614 0.3436612827020891
0 0.7283640021842015 0.1375611716263655 0.268900696047778 0.275122343252731
0 0.499167464665139 0.16307534164147844 0.2561110617390975 0.3261506832829569
0 0.23436008225631957 0.16450575330204692 0.23241898860083357 0.32136811203054405
0 0.07589492524621548 0.23902558999045498 0.1374337969214586 0.33432155068427194
0 0.14485605157420206 0.8180676526495917 0.24524629692145866 0.3355760626989074
0 0.3457632817225701 0.7539944199554567 0.21882926728618077 0.34151698002863495