0 0.34375 0.4296875 0.2390625 0.34609375
0 0.57265625 0.48828125 0.21328125 0.3328125
0 0.7625 0.403125 0.21484375 0.3296875
0 0.91171875 0.125 0.17578125 0.23984375
0 0.93046875 0.41015625 0.1328125 0.31484375
0 0.94296875 0.78359375 0.1140625 0.3015625
0 0.7578125 0.953125 0.221875 0.09375
0 0.12265625 0.53671875 0.23046875 0.328125
0 0.54921875 0.82890625 0.22578125 0.34140625
0 0.76015625 0.728125 0.24453125 0.32890625
0 0.70625 0.13359375 0.2484375 0.2625
0 0.478125 0.16640625 0.23203125 0.31875
0 0.21328125 0.18203125 0.20859375 0.3078125
0 0.05703125 0.2625 0.11328125 0.32734375
0 0.14296875 0.8390625 0.2203125 0.321875
0 0.3421875 0.76640625 0.19453125 0.3296875