0 0.33127787585621493 0.43515625 0.25981794319798646 0.3546875
0 0.5605646791428468 0.4859375 0.23292813487736125 0.340625
0 0.7494291170224997 0.39375 0.2344178996950003 0.3375
0 0.8957281144570486 0.11640625 0.18979377108590292 0.2328125
0 0.918142749431319 0.3953125 0.1511689886008334 0.31875
0 0.9266565789347563 0.76796875 0.11802918028020848 0.3046875
0 0.7514714749269437 0.94375 0.2273638934267362 0.1015625
0 0.11821031197817693 0.55 0.23642062395635385 0.3359375
0 0.5416990442654854 0.8265625 0.24557360524208355 0.346875
0 0.7512396580569438 0.71875 0.2641053996950003 0.3375
0 0.6899320561364235 0.13046875 0.2638858877271531 0.2609375
0 0.4625149177436804 0.1671875 0.25135082655673635 0.3265625
0 0.1978705362847915 0.1921875 0.2260962534184725 0.315625
0 0.05415951671749995 0.278125 0.1083190334349999 0.33125
0 0.13506718455808958 0.84296875 0.23855988582729193 0.3140625
0 0.3335969099568049 0.771875 0.21406903210381972 0.3359375