1 0.27265625 0.33515625 0.2171875 0.3421875
1 0.46015625 0.30703125 0.18125 0.24765625
1 0.11953125 0.40703125 0.13515625 0.28515625
1 0.390625 0.6671875 0.18125 0.2984375
1 0.59296875 0.3546875 0.0953125 0.228125
1 0.51484375 0.54453125 0.15546875 0.265625
1 0.2375 0.86875 0.21171875 0.25234375
1 0.4515625 0.8765625 0.18359375 0.2375
1 0.121875 0.690625 0.09453125 0.29453125
1 0.19609375 0.62421875 0.203125 0.2828125
1 0.53828125 0.728125 0.1203125 0.16953125
1 0.1484375 0.91328125 0.0640625 0.16953125
1 0.0953125 0.309375 0.078125 0.0875
1 0.22265625 0.23828125 0.096875 0.14375
1 0.06796875 0.43125 0.0390625 0.18203125
1 0.31015625 0.22421875 0.10859375 0.1171875