1 0.2678552962638265 0.35003986485416405 0.24684336688067754 0.3576499152982612
1 0.45228879748164247 0.30755640730322936 0.20296490746575646 0.26052947560311146
1 0.12163090705871933 0.43293015378718797 0.1598149253226639 0.2946499455488823
1 0.41411228205707173 0.6718779825369985 0.2069899342511176 0.3121101563212706
1 0.5888944991859258 0.34504679606330263 0.11502853084255094 0.23502041549465283
1 0.5274599415547183 0.5407365459651068 0.17826491639421 0.2775715298578376
1 0.27934931858166556 0.8742449793155446 0.23246149269310407 0.2497646924256241
1 0.4934254553511407 0.8737808501216371 0.20430921915415362 0.24803856596219093
1 0.14844241760873086 0.7156153887600732 0.12086151947846528 0.3006726865718917
1 0.2167327215864904 0.6441171177810302 0.22705697240056466 0.29816583098930566
1 0.5665611720729578 0.7217774677062755 0.13435918344033873 0.17888859016268804
1 0.1942709350586013 0.9239636990649236 0.07761825973923261 0.15043633723582167
1 0.0887172211827486 0.3377994609687803 0.08598413879807007 0.09267837939029935
1 0.20920127069628128 0.25740291296057005 0.10886825973923261 0.150618144417414
1 0.07212183075982545 0.4613460452777357 0.054780777596140105 0.18467498184962744
1 0.29556546468992684 0.23658589803165125 0.11936938311602718 0.12568177693097127