1 0.28933625253408274 0.3206433311668625 0.24896578258831212 0.3636842191541537
1 0.4791118248409857 0.31223831614932884 0.20308968032537572 0.26601828652459386
1 0.13108339099956845 0.37646881696340306 0.16109307786604776 0.2980944009729346
1 0.38038499599297926 0.6636041728870319 0.20806807181592352 0.316100107141445
1 0.6075822584860111 0.37384974634325674 0.11543514422102223 0.2379284683433748
1 0.5141100353187866 0.5542309472367611 0.179743083916172 0.28123418344033874
1 0.21116333908253337 0.8481313571414448 0.23438513212077386 0.2743762573036008
1 0.4238178751868869 0.8750338892034595 0.20459763817089804 0.24993222159308104
1 0.11085374599297926 0.6588994874180983 0.1220669393023662 0.30366256249917606
1 0.19019126716841397 0.6001341879045656 0.22830784894328665 0.3039546631477993
1 0.5222184928697213 0.7395099281620376 0.13542039129415606 0.18203302434972918
1 0.11918946252090439 0.8832409683433748 0.07914312021691719 0.17636367694751698
1 0.11488115319801273 0.27697733157389964 0.08648292154477706 0.09525004464226869
1 0.24812492437344744 0.2191529691541537 0.11025676483072289 0.15347164772652383
1 0.07807202048806368 0.39507276663909147 0.055760162371394896 0.18532957386326193
1 0.336369812937129 0.21444392410484792 0.11948631908544902 0.12863528896022586