0 0.17934012557967033 0.6147870231319132 0.3542986980829649 0.47644904626382656
0 0.4176789002711465 0.2260183981302656 0.30091916802873564 0.43177174593951484
0 0.4991077249157404 0.6609894618472578 0.32633732454639813 0.5040831225627203
0 0.7815571314334029 0.7377873356277942 0.2777907402374426 0.4844876428552599
0 0.714922059813871 0.29448162053083016 0.3369930234149301 0.45583653733537277
0 0.14582662616884554 0.22517905235290642 0.2853123487468949 0.43462401055001154
0 0.3489178691367627 0.8898699336438574 0.32473742134838535 0.22026013271228528
0 0.09959458000734707 0.8719625491064956 0.19037151170746497 0.2283000982129913
0 0.9204675569852008 0.6410504776722752 0.15906488602959853 0.609059174511885
0 0.8999172877546734 0.9327769127407622 0.18680108411256385 0.13444617451847557
0 0.6507439895500716 0.9379302426931041 0.29764768052176754 0.12413951461379184