0 0.1955913693196048 0.6640881299729557 0.3911827386392096 0.5061987400540884
0 0.3653856720795483 0.2332001146165023 0.3469445527566483 0.45550784937936156
0 0.5105155710271834 0.6447086845958214 0.38106618262626457 0.5308896573838158
0 0.8007587414818786 0.6632019565563686 0.3306298060030592 0.5053078547103617
0 0.6675385073068959 0.2413270636338424 0.38493547645775444 0.4826541272676848
0 0.13149941599046838 0.2867449273154099 0.26299883198093676 0.4577601453691802
0 0.39772169602883106 0.88659728727723 0.3459785219140972 0.22116921204645265
0 0.14198021063932764 0.9051949353119101 0.23137055113509047 0.18859197469763486
0 0.9013372142894802 0.5394002825430058 0.18887077434643373 0.6176976720241807
0 0.9162904638857384 0.8461951752069149 0.14058190990138825 0.17816245735199915
0 0.7029177106393276 0.8986678365690952 0.31081258928453737 0.17545672270845286