2 0.4750250826305017 0.269187899878363 0.17293061203054397 0.2259908491396784
2 0.3594529846037756 0.4654038488450908 0.1637737880330894 0.24468630698520072
2 0.6912211526098208 0.42279975496996974 0.1669715133672712 0.25095448770335976
2 0.51588479793923 0.45068788475305255 0.18897378270208928 0.2620192527304745
2 0.3104325872454131 0.6495061380727022 0.15726924936345316 0.2227749455488821
2 0.5974876919160039 0.622267968963812 0.18750218936981647 0.26982266237139496
2 0.2265030299172765 0.6107340086824029 0.1307612933640895 0.22730790944452864
2 0.7679001892505039 0.6146650681034904 0.19982037603436212 0.2542703852440319
2 0.4393024745783222 0.6533810926967707 0.16506356802990768 0.22125789734428025
2 0.8150575472629124 0.5235269836963392 0.11291926535645339 0.17095791549465283
2 0.4060745406190477 0.35316746925839965 0.04153406667727229 0.07836134933607006