3 0.17947089402463054 0.3666567557555366 0.23874537919390765 0.21544423458010192
3 0.3318550297596417 0.24020386094533913 0.24830218637550008 0.2467487767345796
3 0.5064277828828997 0.16778448116225633 0.19030787919390768 0.21516243344863373
3 0.40982497277444113 0.07972542407885985 0.14464994554888227 0.15552381303532484
3 0.5051844872123805 0.4912038004440971 0.1621010659621911 0.20093630698520054
3 0.330585504773578 0.8276765898681002 0.17759880093507635 0.17915221057599667
3 0.4342059293434171 0.9134328035673551 0.1556874394987579 0.17277494554888193
3 0.43571336630809226 0.7696964391059744 0.10405221662612103 0.15997496369925485
3 0.6825600534691592 0.4977043061996337 0.1950862827847038 0.23081470452587266
3 0.7729163669954634 0.31776734220579134 0.20758628278470362 0.23088742739850954
3 0.8881499606741927 0.11688207395722287 0.19633062021691713 0.17613629488495222