3 0.15281263327500266 0.43244212743398436 0.24315220536281684 0.22138762499835227
3 0.2803938352960017 0.2799501473194867 0.25289083203372564 0.25280126623205446
3 0.43943357531031924 0.17723602475347106 0.19469652402927143 0.21897964529089178
3 0.32857843865372793 0.10106721671852174 0.14731244668999893 0.1744114391223816
3 0.49431833326704844 0.49700878246410873 0.16640789202736245 0.20442622158978557
3 0.3806979918841871 0.859943384737585 0.18023403469127164 0.18435918344033872
3 0.49716732920914203 0.9185938616056717 0.1582317653564534 0.16281227678865662
3 0.4745758085614594 0.7834411603051302 0.10656017735518084 0.1627648271096728
3 0.6696546879376392 0.4711571688265469 0.19958401869827114 0.23624896590774275
3 0.7273870139640471 0.27759412945928397 0.21208401869827131 0.23646715421934558
3 0.804686952657546 0.08124700932890026 0.20000109468490807 0.13783873944669317