2 0.4797368257037151 0.26075185526736666 0.17554943313000032 0.22698176535645348
2 0.35573236198850655 0.45433022728359324 0.16661084422416686 0.24562267735518084
2 0.6893267651988886 0.41686385323841346 0.16988131458888917 0.25190904002227177
2 0.5122369351267704 0.44157459392904874 0.19201088772715308 0.2631010786919079
2 0.2983523538203814 0.6377608926241384 0.15985169794763907 0.22367495202099902
2 0.5855256987101385 0.6148933679185491 0.1906302256830557 0.27089539735836254
2 0.21650359498666613 0.5973182533020469 0.1333983007211808 0.22805336935072643
2 0.7558927500969093 0.6105678525620958 0.20276654977125014 0.2554158480267262
2 0.4270767658644786 0.6440734326066391 0.1676278303564585 0.22220335868872637
2 0.8079838865897913 0.5201422998886415 0.11490156743868063 0.1716033746817267
2 0.40675196096232613 0.34282910594368443 0.04244337955902786 0.0785977146721816