4 0.08159875816812515 0.18101230423656242 0.1601426386770835 0.23797539152687514
4 0.2811077956871876 0.15526350256545116 0.2835074034947224 0.23772343123013912
4 0.5912997600679862 0.11599510192052034 0.277039197947639 0.2282029608654169
4 0.8369389151782294 0.10197354198437472 0.26762783035645865 0.20394708396874944
4 0.08799814779513923 0.3887884366453819 0.16392225531833354 0.2661731267092362
4 0.3017333394745142 0.3697435766536456 0.30098584422416685 0.2506234747331252
4 0.6572014362641323 0.3278580158644786 0.3208268719595836 0.29793488582729194
4 0.8915939668493404 0.28957219339180484 0.2095971248093754 0.21570165444465292
4 0.07012488924576442 0.6283964505130901 0.11704725531833356 0.2650820989738197
4 0.28442312537805603 0.5999584067257636 0.4234440321038197 0.3456112792540281
4 0.7110758911456255 0.5603243705378814 0.36199607940652784 0.2551668107891668
4 0.9178817502843405 0.49202439295496453 0.16423649943131907 0.23997430262104177
4 0.9580365844405211 0.7661515707666311 0.08392683111895778 0.33197865824437506
4 0.7459100585080563 0.8143390701010411 0.4263144589655557 0.33474651443638914
4 0.3093192482875701 0.8635844956315971 0.35603702013597244 0.26752134042444453