4 0.08984375 0.13828125 0.1796875 0.2171875
4 0.3140625 0.140625 0.2578125 0.2046875
4 0.6265625 0.140625 0.25234375 0.196875
4 0.8765625 0.1234375 0.2375 0.246875
4 0.0796875 0.346875 0.159375 0.246875
4 0.30703125 0.35546875 0.2734375 0.21640625
4 0.66484375 0.359375 0.28828125 0.2625
4 0.90234375 0.3515625 0.1859375 0.19296875
4 0.04375 0.5828125 0.0875 0.2546875
4 0.26015625 0.58125 0.38671875 0.29765625
4 0.68828125 0.596875 0.33515625 0.2125
4 0.91484375 0.5578125 0.16015625 0.2203125
4 0.940625 0.8359375 0.10859375 0.3203125
4 0.690625 0.853125 0.39140625 0.2859375
4 0.25 0.86484375 0.325 0.2625