4 0.0873000053310001 0.14453125 0.1746000106620002 0.2203125
4 0.30613981731381906 0.14375 0.2633737986950896 0.209375
4 0.6187034519812281 0.13828125 0.2585953920273624 0.2015625
4 0.8681221966502279 0.12109375 0.24500560669954402 0.2421875
4 0.07836026265118254 0.353125 0.15672052530236508 0.25
4 0.3005148839513204 0.35859375 0.27914424936345317 0.221875
4 0.6583546559516387 0.35625 0.2952965080362711 0.2671875
4 0.8959910159532296 0.34453125 0.19135334802672616 0.196875
4 0.04262166263527417 0.590625 0.08524332527054834 0.25625
4 0.25490984058723093 0.58515625 0.3957328600413617 0.3046875
4 0.6829348432527309 0.59375 0.34160788669636233 0.21875
4 0.9092160799252307 0.55078125 0.1666624306969986 0.2234375
4 0.9348951432209143 0.828125 0.11468285471036169 0.321875
4 0.6869843545512782 0.85 0.40027490937299814 0.2921875
4 0.24537810988227812 0.8671875 0.33277832670272556 0.265625