0 0.15546875 0.578125 0.134375 0.18359375
0 0.12578125 0.7578125 0.15078125 0.18671875
0 0.27890625 0.57734375 0.11796875 0.17109375
0 0.53984375 0.2609375 0.0859375 0.1421875
0 0.65546875 0.25625 0.1140625 0.14140625
0 0.77265625 0.25703125 0.121875 0.16015625
0 0.54296875 0.40703125 0.10390625 0.153125
0 0.65546875 0.4078125 0.13203125 0.15859375
0 0.7828125 0.4109375 0.1265625 0.1578125
0 0.56171875 0.578125 0.12734375 0.18359375
0 0.7984375 0.5859375 0.1171875 0.16171875
0 0.80703125 0.75546875 0.13203125 0.18046875
0 0.675 0.765625 0.13359375 0.1890625
0 0.6828125 0.5890625 0.11796875 0.16484375
0 0.55390625 0.76171875 0.1203125 0.18984375
0 0.38828125 0.584375 0.11015625 0.17109375
0 0.26640625 0.7578125 0.134375 0.19765625
0 0.38125 0.76015625 0.10703125 0.18359375