0 0.14683094643257286 0.588029942913646 0.14074555113509044 0.189137848023889
0 0.11713198945328376 0.7670991938635765 0.1579875982129911 0.19266289152687505
0 0.2703229935104735 0.5877779826169099 0.12333986282348777 0.17623780452090293
0 0.5313964557647683 0.272630333774931 0.09157166558343129 0.14582295269729179
0 0.6471305499205697 0.26907153552229224 0.11969666558343128 0.14647756933854178
0 0.7643453234595201 0.27023660486083395 0.12783644805083547 0.1654094072944446
0 0.5343151298729116 0.41885137034406295 0.10895008035608367 0.15716049620027786
0 0.6468287666423868 0.420688586909063 0.137184174511885 0.16406511284152786
0 0.7741588798729115 0.42443379559027844 0.13246940097293472 0.16239351006798622
0 0.5532036773578494 0.5904542666205908 0.13449555113509035 0.1889923776591667
0 0.7898678802799488 0.5990889566844452 0.12317622158978558 0.16686280452090294
0 0.7986274513038369 0.7688929636182993 0.13912850405718977 0.1859764804327085
0 0.6663780129922341 0.7783199021635422 0.1408273717519414 0.19382534802388918
0 0.6741474228936225 0.6018665049370838 0.12323076866768634 0.16998780452090295
0 0.5453115365311845 0.7739389138470492 0.12679214529089186 0.19506053970326392
0 0.37961617289362254 0.5950112139995489 0.11552736282348777 0.17605596656499997
0 0.2577978997617093 0.7680285270698266 0.14099101298564348 0.203200348023889
0 0.3726280129922341 0.7714827950215974 0.11418305113509045 0.18851959897381967