0 0.16709242874758717 0.5932982122575902 0.14596812269254428 0.19313416558343127
0 0.14888896343885877 0.7749027682639446 0.16319198535963517 0.196559174511885
0 0.2904481127466327 0.5841123526805132 0.12861699069063529 0.17877165665497757
0 0.5303618513685439 0.2501701806042603 0.09545904535327185 0.14851141233702042
0 0.6450783320337257 0.23722807549141028 0.12358404535327168 0.14900233603812651
0 0.7622021973663167 0.22971381007013475 0.13161472135581712 0.16788870373287823
0 0.5429902153882702 0.39529176583160786 0.11433631468808994 0.1597761948044245
0 0.6554356713876339 0.3886405710271834 0.1425522213558171 0.16807961850553052
0 0.7827339680537703 0.3825115276027307 0.13628404002227157 0.16640802434972918
0 0.5723157307447236 0.565126978899977 0.13971812269254436 0.19302507142762976
0 0.8089799367440873 0.5563075377490004 0.12694540268936266 0.16936938311602728
0 0.8289122707669954 0.7247438920510715 0.14280676002545328 0.18995461850553053
0 0.6970810154359952 0.7442360060923752 0.14602266669318062 0.19782166558343128
0 0.69424527474536 0.5676871428618504 0.12854426535645339 0.17252165665497757
0 0.5760145374363134 0.7486934553610267 0.1319601666931806 0.19757620373287815
0 0.3998322034134054 0.5829844549539895 0.12080449069063529 0.17863528896022576
0 0.28942305677113156 0.7646356497584139 0.14769425469445324 0.20722393912238157
0 0.40422135343726795 0.7587247946455641 0.11938744135899881 0.19110801542127548