3 0.04998181928184077 0.054396608509452236 0.09996363856368154 0.09745678298109553
3 0.10529551229664014 0.16344435558258602 0.1294067406302261 0.22105790944452863
3 0.6403825428418488 0.4407905672387373 0.19885669827935662 0.34177038524403186
3 0.5012467990883647 0.5884700640172834 0.1500374031980126 0.27586358411256384
3 0.4864586330045366 0.31044051278761947 0.16104762607064965 0.28842721662612103
3 0.5516574278894889 0.11656883470173887 0.14356014422102223 0.23313766940347774
3 0.65679490066393 0.03892055767257167 0.14266019867214014 0.07784111534514335
3 0.6755671056807818 0.16715762451852553 0.1529896863754999 0.24619426483072293
3 0.8166870093697739 0.2155536970218201 0.16546241529826133 0.24157948770335985
3 0.029460241023009558 0.19123353317748726 0.058920482046019115 0.22690793364502548
3 0.06398471106697613 0.4316540000981958 0.12796942213395227 0.2741919998036083
3 0.25231141286237424 0.13837111182910194 0.17659990319801278 0.2760181202169172
3 0.3373762383907309 0.2878711420797229 0.16413626463433123 0.28219539734428023
3 0.24159506401728348 0.5032648588040398 0.13253174063022613 0.22107609016268787
3 0.36877973273339015 0.5298677445390509 0.14687604176169425 0.26959540339440446
3 0.35865425722847455 0.7931989915139889 0.16104762607064965 0.28842721662612086
3 0.21207469389856218 0.7432722352674729 0.16417262607064967 0.28844539734428026
3 0.18085352761834236 0.33565517798768474 0.15607832493918156 0.2399624455488821
3 0.49969689286528995 0.8548763140172835 0.1672249031980126 0.27596357806243965
3 0.39057590203867204 0.946133093973317 0.13650110226293624 0.09766586123992696
3 0.2515997604499284 0.9320983859314029 0.13983518052176755 0.133621541958086
3 0.08986282973176918 0.9361642380961435 0.17886131908544903 0.1275988009350762
3 0.7863551356368153 0.060427398129847154 0.1491647287263694 0.12085479625969431
3 0.9229102591733822 0.08813424161218474 0.1354294816532356 0.17626848322436947
3 0.9423500847017389 0.23513442311591087 0.10104539129415606 0.18026928298109554
3 0.924634822994274 0.46022987188624687 0.1439237585842072 0.2992647226762452
3 0.7958376573032293 0.44222982651031534 0.1326771863754999 0.24607609016268786
3 0.8996792330279778 0.7213037272724411 0.1736112585842072 0.2994374394987579
3 0.7452871696980654 0.6714224228213233 0.14677604781181852 0.25240790339440444
3 0.7245105405041578 0.8855985523098184 0.17931583703942983 0.2057238009350762
3 0.621545142668898 0.7244843111886132 0.1467396863754999 0.24615790339440444
3 0.8954179381430254 0.9166344079906004 0.1695226805217672 0.1337942587805987
3 0.3854284398915414 0.08659096409203823 0.14789312021691714 0.17318192818407646
3 0.16380342476623092 0.04357676229664014 0.1317136083130605 0.0804510901626879