3 0.04267323330695257 0.07159373667249973 0.08534646661390514 0.10256247334499946
3 0.09012959184501436 0.17923406134627212 0.1424843313536661 0.2265817760184537
3 0.6278495860390266 0.44651684675363235 0.21790553167023513 0.34929311736154406
3 0.4906043356433152 0.5973151834022696 0.1659505750854599 0.28152381468808996
3 0.4728929645688411 0.31967144139876974 0.1772517879384413 0.294151084022908
3 0.5356299599499875 0.12424131007317844 0.15686508010002492 0.2376829080203627
3 0.6402696473344329 0.04652593742040509 0.14758570533113408 0.07981586401972637
3 0.6600472867513071 0.17257990742358675 0.16664925705962902 0.2518544960216354
3 0.8017203097125607 0.21877474944299496 0.17901286473976086 0.2473124466899989
3 0.025198576801319567 0.20812158267027256 0.05039715360263913 0.22874316534054512
3 0.061928035497665915 0.44764770667568143 0.12385607099533183 0.2796704133513629
3 0.23628317781753397 0.1520186753659985 0.19251307508545992 0.2818328973583625
3 0.3234385338483133 0.299176033378407 0.1801949315119506 0.28793744668999893
3 0.22959629097444925 0.5161266286998621 0.14560933135366608 0.22661813868554467
3 0.357039329375109 0.5410549980505885 0.16264371865896923 0.27523745202099903
3 0.3501598774091873 0.8043453387173614 0.1772517879384413 0.29415108402290785
3 0.203822086501245 0.7573147026973167 0.1803767879384414 0.2941874466899989
3 0.16722798627645347 0.34971983135740803 0.16959240063313824 0.2456408586887263
3 0.49225043751745934 0.8610982286958851 0.1815755750854599 0.27780354260822976
3 0.38405384112009855 0.9527721060232264 0.14192673871722886 0.09445578795354734
3 0.24464200013301401 0.9371011053469085 0.14747805674305986 0.1257977893061831
3 0.08869615782578125 0.9423056786680455 0.1773923156515625 0.11538864266390902
3 0.7701473639483382 0.06835657877144972 0.15658027210332365 0.1205317706874536
3 0.9068972061890639 0.09573778612344887 0.14558058762187223 0.17194882001909
3 0.9278281686463339 0.235872437460176 0.11156930047485361 0.18404883068109026
3 0.9111250872926678 0.4607542587921306 0.16038253668479996 0.3048885893539081
3 0.7833865321989606 0.4459821394414041 0.147899257059629 0.25163632001909003
3 0.8894473494333688 0.7223093767902216 0.18855300079142268 0.3067783533577261
3 0.7360555764721151 0.6759781747692226 0.160535649379497 0.2564692706874537
3 0.7173269938648079 0.8898952241008591 0.19051265439406198 0.21308289735836256
3 0.6125438686336986 0.7308100307526779 0.160399257059629 0.2517817706874535
3 0.8876705861055336 0.9176673301240852 0.1759213054894186 0.14106244668999893
3 0.36841136770926186 0.09650556671704313 0.15835337226160834 0.18146927068745358
3 0.14677806010827216 0.05875847668681725 0.1368300617576248 0.08593859468490825