3 0.6251064899320138 0.1296875 0.15592661094166688 0.1875
3 0.08549978248506937 0.0859375 0.12275043502986124 0.171875
3 0.19865374591593743 0.09140625 0.14157317021222235 0.175
3 0.3157866945291666 0.09375 0.13717661094166686 0.1875
3 0.4081547260643054 0.153125 0.13365156743868062 0.1703125
3 0.0817721043890623 0.24609375 0.1525470378034029 0.1765625
3 0.22103462614055536 0.2375 0.16530161094166687 0.1875
3 0.35033961322277757 0.2875 0.15926981648875013 0.196875
3 0.07442459759737834 0.4140625 0.14884919519475667 0.1921875
3 0.23162336797243022 0.4203125 0.17674825721819457 0.209375
3 0.3744096268061455 0.46171875 0.15937891926229178 0.2015625
3 0.04505335438906229 0.596875 0.09010670877812459 0.209375
3 0.15950871257784674 0.5984375 0.18201763867708354 0.234375
3 0.30721886075423555 0.6296875 0.1718061840799307 0.1984375
3 0.031733777166735824 0.8015625 0.06346755433347165 0.209375
3 0.13334168360815904 0.81640625 0.18659603590354185 0.2296875
3 0.29142628733163123 0.83828125 0.18179943313000013 0.225
3 0.6053134814795482 0.51015625 0.1868506090418057 0.240625
3 0.7638163125015968 0.5140625 0.16530161094166687 0.1875
3 0.9061486296559371 0.54140625 0.1680642414506252 0.2390625
3 0.5736231511230897 0.73046875 0.176966462765278 0.21875
3 0.9299394602967361 0.1234375 0.13866637575930554 0.184375
3 0.7940746954790971 0.1203125 0.16813567021222245 0.175