3 0.5953125 0.1203125 0.1375 0.17578125
3 0.05234375 0.115625 0.10390625 0.18046875
3 0.16640625 0.11875 0.1234375 0.16484375
3 0.28203125 0.10078125 0.115625 0.20078125
3 0.38203125 0.1625 0.115625 0.16015625
3 0.0671875 0.2828125 0.134375 0.165625
3 0.2046875 0.2625 0.146875 0.175
3 0.3390625 0.30078125 0.13828125 0.1859375
3 0.075 0.45078125 0.13515625 0.18046875
3 0.23515625 0.44296875 0.1546875 0.19609375
3 0.38203125 0.471875 0.1390625 0.190625
3 0.05234375 0.63671875 0.10390625 0.20078125
3 0.18359375 0.6265625 0.15859375 0.221875
3 0.33359375 0.64453125 0.15078125 0.1859375
3 0.05 0.84296875 0.1 0.20078125
3 0.18125 0.8453125 0.1625 0.21640625
3 0.34140625 0.853125 0.15859375 0.21171875
3 0.61796875 0.5 0.1625 0.2265625
3 0.77578125 0.48984375 0.146875 0.175
3 0.92265625 0.50546875 0.146875 0.2265625
3 0.61015625 0.721875 0.1546875 0.20625
3 0.9 0.0875 0.1234375 0.175
3 0.7625 0.09609375 0.15078125 0.16171875