3 0.530670731382639 0.11859345616521492 0.17020731648875015 0.19976599512873605
3 0.034324367875521 0.19973694724005647 0.06392094889756961 0.19634889448011292
3 0.10972375816812514 0.18465346387914794 0.1542913757593057 0.18699325973923261
3 0.2197702521842015 0.1483086351446221 0.15349259517409744 0.21977848620028229
3 0.3293822947372571 0.19395414610167072 0.14633340539458342 0.1806068920444809
3 0.06619522976711836 0.3611653709411626 0.11995274335048625 0.18795574188232517
3 0.17535137100965303 0.32011940543716155 0.1796186840799307 0.20149213636243807
3 0.31475936312586833 0.3373905004037418 0.17358688962701407 0.21075804220663663
3 0.08954507684107683 0.5255687901780418 0.15937891926229183 0.20426258035608366
3 0.24030748983510458 0.49383932345622483 0.1910653303564585 0.22355805113509036
3 0.39038022501746567 0.49958258319545745 0.17525849240055572 0.2154728157455871
3 0.09939612157833393 0.713945497564368 0.14251872758291687 0.21802507142762978
3 0.22597615216354225 0.6833557909888208 0.20102221181534743 0.24872169236879244
3 0.37655738041204917 0.6773939374975285 0.18612325721819456 0.2125387305182393
3 0.13744490149795213 0.9043426266232053 0.1372857137152085 0.1913147467535893
3 0.2659692917905563 0.888781856330666 0.20211193313000023 0.22243628733866813
3 0.4258346010611119 0.8812157053560836 0.19767900626826407 0.23756858928783267
3 0.6275711004924309 0.49044691111590916 0.20585518218006965 0.2550535129856435
3 0.7798232783040976 0.45561971793304246 0.17961868407993062 0.20149213636243815
3 0.9160822077312847 0.4479589967469986 0.16783558453743055 0.25149213636243817
3 0.6631494970532993 0.7105099951254408 0.19284603590354193 0.23296032467404082
3 0.8240564022604515 0.074515768257354 0.15436280452090295 0.12295803327818296
3 0.6900268943766668 0.08701399390762475 0.18005378875333342 0.15308190990138842