3 0.2742521907496577 0.10302281329568355 0.2515123388755135 0.1622476507001803
3 0.5453315688837608 0.12720301125877614 0.3019047954602888 0.22999877204008903
3 0.305788032594672 0.28072055195736556 0.2656945108205527 0.22020560136854384
3 0.4279034103330638 0.45892627327341184 0.3330638672470435 0.22723739871099796
3 0.680500876089039 0.3130666912396861 0.324461757059629 0.2536908107097253
3 0.7100052050019297 0.5337422705681408 0.30622858260730723 0.21755331604072553
3 0.5252484571135007 0.710051873925867 0.34210389812585584 0.2695158053787251
3 0.2567317893250966 0.6514784946292289 0.31963786473976097 0.24894876670908897
3 0.2869946361846759 0.872926233290911 0.37593332884638364 0.25116579471672507
3 0.5890595898664573 0.932671213916322 0.32050637978345586 0.11775331070972542
3 0.8122363285836862 0.8316701458864143 0.3340640775927426 0.26161239871099795