3 0.277961894417414 0.11270524743454884 0.24780221662612104 0.16512107940652795
3 0.5499959757013073 0.14637695829996572 0.29663060206654457 0.23343597473312525
3 0.31571694535249045 0.2916848858272919 0.2606385599120669 0.22322452013597244
3 0.4441060866466464 0.4743363445085073 0.32786242134838534 0.23103832655673634
3 0.6917118187908615 0.3371500415062158 0.3186419574527388 0.2573826210096531
3 0.7289356046006275 0.5590802461033686 0.3012453791939077 0.22104507750666685
3 0.5502616796380048 0.7291167231176046 0.3359203610435351 0.27340766451263915
3 0.2795901104543598 0.6611063798433683 0.3139271863755 0.25258601823611143
3 0.31759969144366557 0.8780535712384028 0.3701862767345796 0.24389285752319445
3 0.6218741009863901 0.9467341021079516 0.31785109621281205 0.10653179578409677
3 0.8387913518701529 0.8608810950771882 0.3224172962596942 0.26541332655673633