3 0.11754358664664646 0.4627261719844098 0.16078400565734077 0.2440419960216353
3 0.2554168122497579 0.6595728052991834 0.18604762607064967 0.28964539735836253
3 0.6911866614876321 0.7599780539067771 0.1733203670936593 0.2504374466899989
3 0.8630293243500062 0.6181252665500054 0.13229539129415607 0.18121473201781732
3 0.7185793667008757 0.4994854492361863 0.11191925878059869 0.1700408746817267
3 0.6024867340891226 0.5547462085853219 0.1292885659621911 0.2014908693507264
3 0.42452029449216877 0.44977853994273 0.11826016237139499 0.18573860001590833
3 0.23954078561337416 0.3480176873010924 0.10566016842151908 0.1684056493475447
3 0.5476805385402403 0.4006859645926397 0.09302381303532492 0.14482269867918127
3 0.39625387304558757 0.29150296327977515 0.09147949375348396 0.14792951734563572
3 0.2318095779642436 0.2277870033020469 0.09758404800821019 0.12300224267981755