3 0.12892325118713424 0.45703125 0.16959240063313824 0.24375
3 0.2683591388881488 0.6578125 0.19747335972519603 0.2890625
3 0.7044677866182931 0.77109375 0.183836757059629 0.25
3 0.8754896772888084 0.634375 0.1380863363682309 0.18125
3 0.7305144949189281 0.51171875 0.11901808762187223 0.1703125
3 0.6148273104374765 0.56328125 0.13711486975432585 0.2015625
3 0.43586357297388884 0.45390625 0.12572272868809903 0.1859375
3 0.24991404961692387 0.34609375 0.1127226235152496 0.16875
3 0.5587411318285198 0.4078125 0.0995406619159093 0.1453125
3 0.406203502045064 0.29375 0.09806909012915473 0.1484375
3 0.24172581340697744 0.22578125 0.10202916442319179 0.1234375