1 0.80703125 0.51875 0.1875 0.29140625
1 0.49296875 0.69609375 0.16015625 0.27265625
1 0.3375 0.7265625 0.1625 0.26953125
1 0.71953125 0.80546875 0.2171875 0.33046875
1 0.88125 0.259375 0.153125 0.23203125
1 0.271875 0.2078125 0.16953125 0.27734375
1 0.7 0.54921875 0.0765625 0.21875
1 0.7453125 0.2796875 0.08046875 0.2078125
1 0.48203125 0.25703125 0.17265625 0.2625
1 0.22421875 0.890625 0.1984375 0.21875
1 0.16796875 0.62578125 0.17578125 0.328125
1 0.41875 0.93359375 0.2 0.1328125
1 0.90859375 0.8984375 0.1796875 0.203125