1 0.8009314125955033 0.5054348891552424 0.1956237720400889 0.2997857137152085
1 0.4817439659055044 0.6846925101648955 0.16882491470399827 0.278854964665139
1 0.3251757925684591 0.715673019282951 0.17035105203690737 0.27576633225631964
1 0.7046445692234595 0.7927550108304855 0.2273283053787253 0.3395755655388196
1 0.8820563326305016 0.24580400959621454 0.16053970003181667 0.2380481267092362
1 0.27497108597231945 0.19745100256545117 0.17825445870463455 0.2837606702122224
1 0.6927916485916853 0.5360692529467007 0.08225106802990786 0.22216724715020852
1 0.745909747294729 0.266936740028923 0.08681129869508944 0.21133884992375007
1 0.4829466706317744 0.24572092914284682 0.17965332670272574 0.26973453780340295
1 0.20687868387973282 0.8808824048259026 0.20414424936345316 0.22656641926229176
1 0.15840701058245843 0.616457535334861 0.18510444271163431 0.3354686405769446
1 0.40009233454014215 0.9224665735195134 0.20314427601845358 0.14062891926229176
1 0.8902997112110512 0.879815333684409 0.18512152936027135 0.20269250816812523