1 0.8116958567393148 0.5257837725573232 0.2066339973742707 0.3039260733609078
1 0.49090319342772293 0.6896944679344574 0.17671014003818009 0.28326812802354445
1 0.33413557276413186 0.7141779419557748 0.17979877737108918 0.2801794906906352
1 0.7126247467774949 0.8082246499045498 0.23833853071290712 0.34335220003181666
1 0.8962232087046346 0.26929686787877827 0.16840674403245331 0.24098972135581712
1 0.2897817573599533 0.19274838462763816 0.18770218403881636 0.2880828973583625
1 0.7033839174092693 0.5512661252387316 0.09008174936345306 0.222893154678545
1 0.7596590000397709 0.28416898456400475 0.09309766136218052 0.21355451734563574
1 0.49751298870145294 0.25049560793286674 0.18910105203690736 0.2740385786919079
1 0.21409688745222183 0.8734085859723194 0.21202947469763486 0.2305612986950898
1 0.16880037941595075 0.6067119819780464 0.19611466804581607 0.33973630402608973
1 0.4061122121259942 0.9235251226130025 0.20792268268618094 0.1461499360279987
1 0.898045173456358 0.8959230025461874 0.19280676002545363 0.189718122692544