0 0.32109375 0.55546875 0.21796875 0.2984375
0 0.67578125 0.83828125 0.2328125 0.3234375
0 0.79609375 0.55546875 0.22734375 0.3203125
0 0.55546875 0.54375 0.228125 0.3109375
0 0.31171875 0.9734375 0.01015625 0.05234375
0 0.19375 0.8359375 0.215625 0.328125
0 0.8921875 0.25390625 0.215625 0.36171875
0 0.89140625 0.8203125 0.2046875 0.33984375
0 0.43984375 0.83359375 0.23515625 0.33203125
0 0.1 0.5765625 0.2 0.32265625
0 0.66328125 0.28515625 0.23125 0.3171875
0 0.42890625 0.29453125 0.21875 0.2921875
0 0.19609375 0.30234375 0.2203125 0.3234375
0 0.09453125 0.0953125 0.1890625 0.190625
0 0.3046875 0.10859375 0.22890625 0.2046875
0 0.53203125 0.1046875 0.228125 0.196875
0 0.7734375 0.0921875 0.2390625 0.18203125
0 0.940625 0.08984375 0.1109375 0.1796875