0 0.32908559552544103 0.56796875 0.23931807181592363 0.3125
0 0.7040184595940382 0.825 0.25666010792027694 0.3390625
0 0.8023276528052292 0.534375 0.2503919272021179 0.3359375
0 0.561734469062008 0.53984375 0.25189988504764005 0.3265625
0 0.3502263599633805 0.97890625 0.014307939695149674 0.0421875
0 0.22208720354391395 0.8421875 0.23933625253408275 0.315625
0 0.8755413972460844 0.22734375 0.24281577653818792 0.3765625
0 0.9010095507386847 0.7921875 0.19798089852263062 0.353125
0 0.4681173210303566 0.83125 0.2597760175611974 0.3375
0 0.11210717378427223 0.60390625 0.21914192720211784 0.3359375
0 0.6492516080184728 0.27421875 0.25506124648395845 0.3328125
0 0.41658909894328655 0.3 0.24084421037960518 0.30625
0 0.18469874950902068 0.32421875 0.24415101756119745 0.3375
0 0.0843118883672898 0.1234375 0.1683692466803503 0.203125
0 0.2788431383672898 0.1234375 0.24346924063022612 0.2203125
0 0.5052965540583344 0.1046875 0.24184310811666876 0.209375
0 0.7450357649289188 0.08671875 0.2525715298578376 0.1734375
0 0.9106016775949012 0.0765625 0.12432835518980241 0.153125