0 0.32421875 0.5591844906678045 0.2328125 0.31343875730360066
0 0.69296875 0.8168104354755241 0.25 0.34030126623205453
0 0.7984375 0.5259069715963763 0.24375 0.335504672076253
0 0.5578125 0.5308883465947286 0.24375 0.32612967207625304
0 0.3359375 0.9722611891256768 0.0125 0.04396818831160267
0 0.21171875 0.8369294354722289 0.2328125 0.32281375730360085
0 0.87890625 0.21825238434043376 0.234375 0.37596603084255104
0 0.8984375 0.7827552151035546 0.203125 0.3535455600635441
0 0.45703125 0.8240537398570256 0.2515625 0.34032853977100463
0 0.10625 0.5958016493513769 0.2125 0.3365217012972462
0 0.6515625 0.26518943425770825 0.246875 0.3324342191541537
0 0.41796875 0.29114182833078406 0.234375 0.30721603084255095
0 0.1859375 0.3155044488649096 0.2375 0.3385205779204517
0 0.08671875 0.11567381858825614 0.1734375 0.2030273628234877
0 0.284375 0.11456746591103813 0.2390625 0.21979785145940203
0 0.5109375 0.10048342086173234 0.2375 0.20096684172346468
0 0.75078125 0.08203165544045683 0.2484375 0.16406331088091367
0 0.91796875 0.07220091355813167 0.1203125 0.14440182711626334