1 0.38046875 0.5078125 0.3234375 0.296875
1 0.90078125 0.27890625 0.1984375 0.2734375
1 0.7046875 0.75546875 0.24921875 0.30703125
1 0.13125 0.25703125 0.2625 0.340625
1 0.6859375 0.1171875 0.3125 0.23359375
1 0.21328125 0.75234375 0.2953125 0.32265625
1 0.76953125 0.49140625 0.22890625 0.2578125
1 0.90625 0.73984375 0.18359375 0.34765625
1 0.4640625 0.23984375 0.2296875 0.3328125
1 0.4546875 0.76875 0.2453125 0.2
1 0.60625 0.6140625 0.15234375 0.29375
1 0.11953125 0.5640625 0.23671875 0.2765625
1 0.28984375 0.109375 0.31484375 0.2125