0 0.44279219593413943 0.4877651830558503 0.5879770934118147 0.5815066135776178
0 0.8194279686107754 0.41651391441449837 0.35743507073517866 0.506732830792914
0 0.32607467389405037 0.7824186320225779 0.43165217870781625 0.30561575838781535
0 0.1420233206556369 0.300050517855785 0.2840466413112738 0.2751010357115701
0 0.4271693853039559 0.21890609874689487 0.37282152402927143 0.2177794151018694
0 0.7690574406429102 0.17948609220579134 0.39028174403245297 0.24131690905174522
0 0.12544380064450103 0.5726158642649889 0.25088760128900206 0.4921067285299777
0 0.6526773679583201 0.3108492008134395 0.16560791335136288 0.13376698770335987
0 0.09550537921709626 0.8568635992378741 0.13017949069063528 0.17730790944452862
0 0.6667184025700499 0.7156457851223949 0.4132658053787253 0.33675667407885984
0 0.9113587405713226 0.707693426318355 0.16357379336408967 0.22749880698520056