1 0.3782592718628058 0.5229361922480559 0.34088966217500316 0.32195426728618093
1 0.8867767955723233 0.2792687255861466 0.21414535499341092 0.28775849240055573
1 0.7136371938985622 0.7612421581474658 0.2674885236113216 0.32649499050069475
1 0.12861535850945222 0.2795628262723959 0.25723071701890443 0.35912565254479184
1 0.6649477682485685 0.13189884384291722 0.326354463502863 0.24037695896555583
1 0.22209913369190773 0.7724608007211808 0.3144635175611974 0.34477351823611146
1 0.7659728953011768 0.495236604860834 0.24375104176169415 0.27438697663298617
1 0.9044212751824554 0.7383352542714938 0.18488510187015272 0.36050500816812525
1 0.4493722443426593 0.2526795500555907 0.24887487899751584 0.349496079406528
1 0.4642639077942087 0.782004027354167 0.25592378883482797 0.21842791736243078
1 0.6081780551384889 0.622831661947188 0.16894193930236626 0.30545383225631967
1 0.1229415545493137 0.5864849734988542 0.2458831090986274 0.29484494699770847
1 0.2688267471713296 0.12736715947864605 0.3263271924256242 0.23568945896555582