1 0.3858759510098312 0.5176524401607636 0.36762487899751595 0.35226001633625026
1 0.8622101502711464 0.19871145725951317 0.24081693930236625 0.3071267414506252
1 0.7463781555357037 0.7030378941892355 0.29574078863843634 0.34902460714194455
1 0.12840784289316237 0.31424172511437487 0.2553248668972675 0.3840165497712502
1 0.6233334817514316 0.1111693168699998 0.346666963502863 0.2223386337399996
1 0.2608679024124458 0.7877857150463887 0.34431464402463047 0.37358950246854195
1 0.7674572282353902 0.4314168141171174 0.26887830678880886 0.2968438580918752
1 0.9115743460164204 0.6522533781373256 0.17685130796715925 0.3760572729857641
1 0.4248828670936592 0.23858188279006912 0.2818055536655509 0.3705722988213197
1 0.5021514325648709 0.7610731722089927 0.27481014422102223 0.24230182845659734
1 0.6261242219888741 0.5816012649145481 0.19870216217500314 0.31864481648875015
1 0.13956000809322766 0.6194922695672915 0.27368398145684397 0.317265460865417
1 0.23210449375348405 0.14149259650527757 0.3452589996072165 0.2673758700597225