0 0.440791226464345 0.4828125 0.567521879866321 0.55625
0 0.8237634135581317 0.42890625 0.3460911647693571 0.4921875
0 0.30683937175853204 0.771875 0.4221512840889618 0.284375
0 0.14478462013038368 0.2796875 0.28956924026076736 0.259375
0 0.44082204870275377 0.2125 0.3675262394466932 0.1984375
0 0.7841999017870089 0.1890625 0.3835603425309483 0.221875
0 0.11759878287444117 0.55234375 0.23519756574888234 0.4828125
0 0.6601293819015065 0.31484375 0.16158415665497755 0.1265625
0 0.07292229343104328 0.83515625 0.1233125892845374 0.171875
0 0.651475761774418 0.72109375 0.40241152840691896 0.3171875
0 0.9037513279270423 0.725 0.17100579545304767 0.21875