1 0.6306389306042602 0.5385122642001642 0.31148651947846523 0.30534561363426677
1 0.49128255560590794 0.7767781030809597 0.24018426379642238 0.3369035308425509
1 0.8347870937553548 0.7968407816500346 0.29075700811437954 0.370588784088962
1 0.4068174212687694 0.3775263510523649 0.18130809577735912 0.27495690990138844
1 0.7952134939142154 0.28818280194257406 0.28883995210802527 0.3502490105500115
1 0.8713281603117208 0.4942612524290414 0.24556151055001152 0.2870126249983523
1 0.09292429099211601 0.7009233461843962 0.18584858198423201 0.31747169236879247
1 0.29054794440397796 0.6810586797868907 0.2238035129856435 0.20384556899199796
1 0.6475989651035545 0.9028012662320544 0.3301080600635441 0.19439746753589127
1 0.2266196323085436 0.49316716761202617 0.24200013392680608 0.26195807792045167
1 0.2723768226520365 0.870272476866439 0.3200978603878557 0.25945504626712185
1 0.5832589646932221 0.25322360064532784 0.24702282467404083 0.19175467207625302
1 0.5651384358792659 0.3959196152558244 0.16635347727182861 0.13411372158978568
1 0.3281038603911511 0.23079562702694725 0.2556456225627203 0.32780126623205436
1 0.1111072751638034 0.21606710511285 0.22181609334172717 0.3584512483751469