1 0.64140625 0.5171875 0.28671875 0.28046875
1 0.5234375 0.7671875 0.2125 0.31875
1 0.8671875 0.75703125 0.26015625 0.3484375
1 0.4046875 0.3765625 0.15859375 0.2609375
1 0.78359375 0.25390625 0.2609375 0.32734375
1 0.8828125 0.453125 0.2328125 0.2671875
1 0.10390625 0.72734375 0.19375 0.30078125
1 0.31484375 0.6890625 0.2078125 0.18671875
1 0.69140625 0.89765625 0.31328125 0.2046875
1 0.23515625 0.5078125 0.2203125 0.24296875
1 0.31328125 0.88046875 0.3 0.2359375
1 0.56953125 0.2375 0.23203125 0.171875
1 0.5640625 0.38125 0.15625 0.1203125
1 0.31328125 0.2375 0.2296875 0.3078125
1 0.09609375 0.24140625 0.1921875 0.3421875