1 0.6328990279280943 0.5296875 0.3129203600413618 0.3046875
1 0.4910638745624139 0.76796875 0.24297148671227067 0.3359375
1 0.8345775172263231 0.78828125 0.29337147605027025 0.3703125
1 0.411334205283275 0.36875 0.1844317333704529 0.2734375
1 0.8006517912953655 0.2796875 0.2931169373806341 0.3484375
1 0.873242764600594 0.48671875 0.24551468403881635 0.2859375
1 0.09455633263050166 0.69140625 0.18911266526100332 0.3171875
1 0.2914007765754587 0.671875 0.22581925469445324 0.2046875
1 0.6450144832113692 0.8984375 0.3320510733609078 0.203125
1 0.2295200366009121 0.484375 0.24366128270208928 0.2609375
1 0.2704326538829145 0.8625 0.3217862827020893 0.2609375
1 0.589342121300138 0.24453125 0.24911130402608972 0.1921875
1 0.5697097792807296 0.3875 0.16717041335136287 0.1328125
1 0.33413700063654683 0.221875 0.26004989871099793 0.3265625
1 0.11790347330522857 0.20703125 0.22603852538190683 0.3578125