2 0.15548364727882066 0.39783482190399294 0.23290559603754374 0.28190853590354187
2 0.7180483766311381 0.24493510667017304 0.2139010573679075 0.25959712480937525
2 0.20250573997454663 0.18273584555534705 0.22187718936981646 0.273841462765278
2 0.5098904312937745 0.2794594962971871 0.20924992003499837 0.2626130220358335
2 0.3366523786203203 0.3334781151226386 0.20914083203372574 0.2532380220358335
2 0.29608028059359426 0.5312441211065623 0.2059976507001803 0.2516027868534724
2 0.8206541139401846 0.42140472806107565 0.2153362880330892 0.2486959924005557
2 0.465266632598685 0.4898164212590621 0.20605219470081657 0.25629028685347244
2 0.8868256486314561 0.23866365682267285 0.18557606269890742 0.24175500816812515
2 0.7536831479153675 0.6057264830950688 0.22016923870145302 0.26130509517409733
2 0.3828386773154099 0.12635077350918392 0.1982760573679075 0.25270154701836783
2 0.5845648093173189 0.11238632475378452 0.21524538136536223 0.22477264950756903
2 0.637696163271821 0.4381597362292008 0.21391923870145285 0.2611596248093752
2 0.21670931190327716 0.7072630668699997 0.21233855736790747 0.25956075721819455
2 0.07042104065881855 0.23975152460128468 0.1408420813176371 0.25487195079743064
2 0.5821439552435042 0.6479899843293397 0.19656810669954403 0.24669708130638918
2 0.09033245663591051 0.5697111283247569 0.18066491327182102 0.2418277433504862
2 0.923069494589458 0.5471112832475686 0.14335220003181703 0.23764808320625014
2 0.4050996499045498 0.6935057721327427 0.20281810669954403 0.24684255167111147
2 0.7824755979869551 0.08816561512263861 0.20692380402608973 0.17633123024527722
2 0.7014286625557323 0.8006402460128467 0.20439878803308958 0.24844141926229177
2 0.3373837965468237 0.8747207109623261 0.20428970003181668 0.23906641926229177
2 0.1568423212126419 0.8851711677436803 0.20258174936345313 0.22653005167111145
2 0.8857405752307773 0.7346483040491312 0.21382833203372584 0.2533471248093752
2 0.5283087885503235 0.8445026148382981 0.20601583203372567 0.25316528685347245
2 0.05849955927754802 0.40946461255718747 0.07961586935072647 0.12994337955902785
2 0.11097693256686822 0.7323741292746874 0.09226132001909004 0.14273432028847247