2 0.1828125 0.34375 0.1890625 0.24765625
2 0.759375 0.30390625 0.1734375 0.228125
2 0.26328125 0.140625 0.17890625 0.240625
2 0.54921875 0.296875 0.16796875 0.23203125
2 0.3703125 0.31640625 0.16953125 0.22265625
2 0.2984375 0.503125 0.1671875 0.221875
2 0.83125 0.4984375 0.17734375 0.21640625
2 0.47109375 0.4953125 0.1671875 0.22578125
2 0.92578125 0.33046875 0.14765625 0.21484375
2 0.73515625 0.6671875 0.18046875 0.228125
2 0.45 0.1171875 0.1578125 0.23125
2 0.65390625 0.12421875 0.17265625 0.240625
2 0.64921875 0.47890625 0.17421875 0.22890625
2 0.1921875 0.66171875 0.171875 0.228125
2 0.09453125 0.165625 0.16328125 0.2265625
2 0.56015625 0.675 0.1578125 0.21875
2 0.08359375 0.5 0.159375 0.2125
2 0.92890625 0.6453125 0.1421875 0.2125
2 0.37890625 0.68515625 0.1640625 0.2171875
2 0.85546875 0.121875 0.1671875 0.228125
2 0.65234375 0.84921875 0.165625 0.21796875
2 0.2828125 0.85546875 0.16640625 0.21640625
2 0.10234375 0.83671875 0.16484375 0.2203125
2 0.85078125 0.82109375 0.190625 0.21796875
2 0.47578125 0.85859375 0.1671875 0.22265625
2 0.08515625 0.33671875 0.0578125 0.11953125
2 0.084375 0.665625 0.06953125 0.13125