2 0.1703125 0.371875 0.209375 0.2625
2 0.74140625 0.28203125 0.1921875 0.2421875
2 0.2328125 0.1625 0.1984375 0.2546875
2 0.53125 0.29296875 0.1875 0.2453125
2 0.3546875 0.328125 0.1890625 0.2359375
2 0.29921875 0.5203125 0.1859375 0.2359375
2 0.8296875 0.46953125 0.1953125 0.23125
2 0.47109375 0.49765625 0.1859375 0.2390625
2 0.909375 0.29375 0.165625 0.2265625
2 0.74921875 0.64609375 0.2 0.24375
2 0.4171875 0.12265625 0.178125 0.24375
2 0.6203125 0.11953125 0.19375 0.2390625
2 0.646875 0.465625 0.19375 0.24375
2 0.2078125 0.68828125 0.190625 0.2421875
2 0.07890625 0.2015625 0.1578125 0.240625
2 0.575 0.66875 0.1765625 0.23125
2 0.08671875 0.5359375 0.1734375 0.225
2 0.9296875 0.60703125 0.140625 0.2234375
2 0.3953125 0.6953125 0.1828125 0.23125
2 0.82109375 0.10625 0.1859375 0.2125
2 0.68203125 0.834375 0.184375 0.23125
2 0.31484375 0.87265625 0.184375 0.2296875
2 0.13359375 0.8703125 0.1828125 0.234375
2 0.87734375 0.7890625 0.209375 0.234375
2 0.50703125 0.859375 0.1859375 0.2359375
2 0.07265625 0.3734375 0.06875 0.1234375
2 0.10078125 0.7015625 0.08125 0.1375