4 0.1765625 0.14526940990138842 0.2546875 0.24507058684890543
4 0.41328125 0.1806513510523649 0.234375 0.322841030842551
4 0.64296875 0.1495043112780649 0.2265625 0.2805171631477993
4 0.8125 0.0985572402541768 0.1515625 0.14639553327818297
4 0.17578125 0.3569745231319133 0.29375 0.24731492532266391
4 0.12578125 0.6646955198855024 0.2515625 0.43564103977100466
4 0.51640625 0.4152639046230874 0.2203125 0.2491580689919978
4 0.8296875 0.3941697491826305 0.3296875 0.4182547167185217
4 0.4421875 0.6905309115229462 0.409375 0.4946456672049891
4 0.80234375 0.7826211797868907 0.3953125 0.43475764042621845
4 0.28125 0.9278852666390914 0.259375 0.14422946672181708