4 0.19750801988550237 0.12919044236879249 0.2556808043815013 0.24032853977100474
4 0.43341429220663674 0.17626385998081867 0.23519675486796868 0.3196342102257
4 0.664981892044481 0.15375148051494417 0.22678423701106104 0.2851228425309483
4 0.835352893262297 0.11533168303000638 0.15248189204448082 0.14480575973923263
4 0.19026608441327345 0.34071827759614015 0.29320807792045167 0.24254560470581285
4 0.13150828773911455 0.6435063124991761 0.24807067613344286 0.4307626249983523
4 0.5281985068965636 0.41612697523993847 0.22138762499835246 0.24441602191409723
4 0.8384028910301835 0.4114527065689567 0.3231942179396331 0.4134581225627203
4 0.44467648944339794 0.6872422702892441 0.40996274999670473 0.48825929951023744
4 0.8018796943973874 0.7919007224005646 0.39624061120522536 0.41619855519887067
4 0.2754118409027999 0.9232774074657565 0.2604034862002823 0.15293763392680618