2 0.37806293012898406 0.3834410943210761 0.3677430536655509 0.37257251633625027
2 0.2210760901626879 0.1306681185411111 0.3421521803253758 0.2613362370822222
2 0.5220775923039872 0.6941941435236454 0.34742146330647133 0.3705372376509031
2 0.18510885742929772 0.6590626094230554 0.34911122833358593 0.3924486052420836
2 0.6938697373105764 0.4073448409026036 0.33952715007475476 0.3562928996950003
2 0.550050517855785 0.1385137200803818 0.33447603571157 0.2770274401607636
2 0.8416633844584649 0.6961319711272215 0.3114203307929138 0.35876328305375027
2 0.8570721566158582 0.14872125541524275 0.2858556867682836 0.2974425108304855
2 0.11227884884509073 0.36227983482177073 0.2128555657657994 0.3345971248093752
2 0.35289229682985984 0.8919082109623261 0.31514425273047453 0.19324738582729176
2 0.6803224052411162 0.8991329506099994 0.3041158491396782 0.17736781268902818
2 0.9351294998036082 0.401689680474027 0.1297410003927837 0.3311798776591667
2 0.0949707125209044 0.8791588635071179 0.18074198165323566 0.18543227298576426