2 0.36875 0.40078125 0.3421875 0.34140625
2 0.19453125 0.13671875 0.321875 0.2703125
2 0.53203125 0.7046875 0.32265625 0.34140625
2 0.19375 0.68515625 0.321875 0.36328125
2 0.6859375 0.41015625 0.31484375 0.3265625
2 0.52421875 0.13671875 0.3140625 0.2734375
2 0.8515625 0.69140625 0.2875 0.3328125
2 0.8453125 0.13984375 0.29140625 0.2796875
2 0.1015625 0.3921875 0.1890625 0.3171875
2 0.37578125 0.909375 0.30390625 0.16484375
2 0.70390625 0.909375 0.29296875 0.16484375
2 0.9359375 0.39296875 0.1234375 0.31953125
2 0.103125 0.9109375 0.19609375 0.16875