2 0.3775495512810479 0.3762643739563538 0.38568624538508856 0.3901236922480559
2 0.23913413064927352 0.12737946438079858 0.35610673870145293 0.25475892876159717
2 0.4988041965706862 0.6952299666619093 0.3668998827179976 0.3865622811538893
2 0.17475290996977413 0.6411847784010067 0.34950581993954827 0.4082554431979865
2 0.6902671799411391 0.41741017192465224 0.35578056938254327 0.3706827080156252
2 0.5662415233131828 0.14383699971565955 0.34876695337363445 0.2876739994313191
2 0.8172542045671864 0.7135922280610757 0.330816932049634 0.37322582655673636
2 0.8603546026416374 0.1643000896683326 0.27863626670908914 0.318900696047778
2 0.11460229998806873 0.34178549686586795 0.22920459997613746 0.3427733007211808
2 0.31619004921232374 0.8838054234432636 0.3242022106938169 0.20749172378319472
2 0.6416894885423694 0.9004415306821174 0.312901084022908 0.17598715064493078
2 0.9276217292727755 0.42438229806520755 0.13824762404517976 0.33594011284152786
2 0.07758591394813875 0.8574657014630208 0.1551718278962775 0.19444359707395834