1 0.42735481588164176 0.8725704124695908 0.39985673870145283 0.25485917506081857
1 0.7406746179185493 0.6043497368195971 0.43134419072245206 0.4134191680287357
1 0.3530842585932761 0.5427157825883121 0.4660999040419981 0.312065746287567
1 0.8154966359802737 0.15006675779864007 0.2940067280394526 0.2923158067888089
1 0.5447205119748648 0.18833787567786622 0.34175333736472596 0.23322260792027705
1 0.797240601885778 0.8461014204646226 0.3891919587046345 0.2819328186926654
1 0.3827006752864567 0.3475623638722054 0.3469135520369074 0.27387487899751595
1 0.4756025065643229 0.7567242613146815 0.3692430853755436 0.3130646440246306
1 0.691902952617775 0.3642060049699697 0.35141923870145286 0.25827715007475477
1 0.18291885128900204 0.32764879791001433 0.21742604670590726 0.2903078791939076
1 0.3900511933084102 0.18587543012898405 0.2556158426957259 0.21553513817089803
1 0.0766335833068194 0.5418653131335207 0.1532671666136388 0.3024806262670413
1 0.18115252522282327 0.8141352228726368 0.3355771573838159 0.3717295542547262
1 0.054986944661045714 0.2096977077473264 0.10997388932209143 0.25377041549465285
1 0.5711022933243186 0.06973332142314008 0.20467041335136288 0.13399424668035032
1 0.04614719931572808 0.3580897559519284 0.09229439863145616 0.1974295119038567
1 0.9207728399506842 0.3686627425751337 0.15358172270845288 0.30868517447164334