1 0.29142683158049026 0.8504734318957292 0.4021387930174156 0.2990531362085417
1 0.6865871473260772 0.695162563257709 0.4337354407439394 0.4208658523922921
1 0.3453559955390684 0.4980810094023961 0.46790016071216733 0.3201398069894449
1 0.8844396351479175 0.28553690938173687 0.22735698132901838 0.31922669794763914
1 0.647716931008002 0.2354777855222922 0.34309898376465037 0.23914176728618086
1 0.6921165783340794 0.9047466238594446 0.46914328652459397 0.19050675228111089
1 0.4413521083625562 0.32680738107763924 0.3484955957773591 0.2798758700597225
1 0.3856325734628154 0.742867485751042 0.3710524342511176 0.3194475163362503
1 0.7244355694023303 0.4521944664680909 0.3529103603878557 0.26435997283326423
1 0.26082090300482486 0.2366330567051044 0.21910810470581285 0.2940448599917363
1 0.503359004871264 0.17740809954250042 0.25686147483619665 0.21995404977125022
1 0.08305618750082382 0.39338828371934037 0.16611237500164763 0.30552656743868073
1 0.12373396022899526 0.7225133924768057 0.24746792045799051 0.4387767849536113
1 0.15068006412402926 0.09885834014010429 0.1767648717519415 0.1946618026210418
1 0.7192800596598024 0.12068989332982698 0.2059614480508353 0.1672277868534724
1 0.10186864285855513 0.2087048124046876 0.13781146590774282 0.20000261284152784
1 0.9261150718379623 0.5397347533215633 0.13506038717321686 0.3108310100679862