1 0.3703125 0.878125 0.3609375 0.24296875
1 0.7265625 0.64140625 0.371875 0.3515625
1 0.3546875 0.515625 0.428125 0.23828125
1 0.8765625 0.19453125 0.246875 0.275
1 0.60078125 0.1984375 0.3125 0.1796875
1 0.78203125 0.89609375 0.4359375 0.2078125
1 0.415625 0.328125 0.31015625 0.221875
1 0.440625 0.74765625 0.3265625 0.2578125
1 0.7171875 0.39609375 0.3171875 0.2046875
1 0.221875 0.275 0.1703125 0.2640625
1 0.4484375 0.16953125 0.22578125 0.178125
1 0.06875 0.46640625 0.13125 0.2828125
1 0.1359375 0.78671875 0.2671875 0.3921875
1 0.08203125 0.13125 0.13515625 0.2328125
1 0.64921875 0.07109375 0.18359375 0.1328125
1 0.06015625 0.27890625 0.1046875 0.18125
1 0.94453125 0.440625 0.1046875 0.29453125