1 0.11875 0.203125 0.2375 0.26484375
1 0.27890625 0.63359375 0.37890625 0.32734375
1 0.60703125 0.30703125 0.34296875 0.184375
1 0.63515625 0.87890625 0.3640625 0.2421875
1 0.62109375 0.50234375 0.38203125 0.2265625
1 0.8375 0.490625 0.0359375 0.00390625
1 0.54765625 0.165625 0.2125 0.175
1 0.284375 0.39609375 0.31328125 0.20234375
1 0.6625 0.1265625 0.12734375 0.1375
1 0.19765625 0.89921875 0.36328125 0.1921875
1 0.31640625 0.075 0.23125 0.1375
1 0.4015625 0.203125 0.3046875 0.18984375
1 0.909375 0.1171875 0.13671875 0.22578125