1 0.18003214396922068 0.14711641539645698 0.2881892879384414 0.2938146742752516
1 0.2766286284633075 0.5944777496072166 0.44096259844242497 0.38999984874689486
1 0.6486326944440743 0.33262420686356364 0.3773139724198929 0.24277941510186948
1 0.5925792035487675 0.8737243671918551 0.407410649379497 0.25255126561628993
1 0.6339804757185983 0.5270372821955286 0.42403585972519586 0.2914805355151783
1 0.8503556334778726 0.5540730017485158 0.0362102846397363 0.009584078258831142
1 0.609893140208297 0.18242421896381206 0.24515469028743925 0.2107658249391815
1 0.315948226576528 0.3619334152000653 0.35111518527287433 0.2551248789975159
1 0.7296600709288248 0.16437417661294262 0.15459187476889086 0.15868517447164332
1 0.18852218936300244 0.8415794877033598 0.33549018527287433 0.25503397540671957
1 0.39494643863808665 0.07025497530852386 0.25551787727617326 0.13740104781181844
1 0.4602341210079671 0.19327029449216876 0.33981397241989286 0.24256124648395855
1 0.9424291923990105 0.1984456913454697 0.11514161520197916 0.2459942769309713