1 0.15252153288289966 0.16748928327818297 0.26573512607064964 0.2921092280826075
1 0.26995149004105096 0.6140251383910329 0.41306464402463056 0.37279794074393935
1 0.6284214784317819 0.33046793911908634 0.3622101502711466 0.2250501874975286
1 0.5988406010845859 0.8784910129856435 0.3889544574527388 0.243017974028713
1 0.623307773316734 0.5256713449632849 0.4046703610435351 0.27266157304918776
1 0.8397776558302914 0.5403862301079071 0.03598295179539797 0.00843979139585791
1 0.5830357346782977 0.18281564325900165 0.23083288524403187 0.20088421022569997
1 0.29827089099956844 0.3793870856310894 0.3341760538619426 0.24018426379642238
1 0.7016266533944044 0.15754468221922746 0.14149767447164335 0.1524546185055306
1 0.1792502637505684 0.8678847495929629 0.3497737827847038 0.23576949918592582
1 0.3613374757995032 0.07505018749752854 0.2445499515990064 0.14175467207625303
1 0.4339442497054124 0.2020860202892442 0.3247192406302261 0.22595812256272038
1 0.933716469847575 0.17801468952282815 0.13256706030485005 0.2413807508107789