3 0.1568221717411688 0.0377647240213172 0.2301056565176624 0.07454765603118038
3 0.14195972014216243 0.1751010920194082 0.25644193930236625 0.3045260573679075
3 0.4097926356368153 0.06727260005567925 0.25853972872636943 0.12799992003499838
3 0.718345479020957 0.0778946634309046 0.2350931383672897 0.12616470003181673
3 0.9268892320460191 0.08891562145922148 0.1458761022629364 0.09856586401972638
3 0.897223937062871 0.21904801678863076 0.20444310206654456 0.2289260733609078
3 0.9022189466290367 0.5691298327895853 0.19047150565734086 0.2443874413589988
3 0.8869792451282261 0.7713099507876763 0.1824499273985097 0.20835903469127146
3 0.8182059983496799 0.9031640993793616 0.2917976563212708 0.19367180124127686
3 0.6031758959885478 0.9341408320337259 0.2242374515990065 0.1317183359325483
3 0.20084123634762746 0.9320874360279987 0.259993144417414 0.10926810136854392
3 0.09644216618202392 0.829270424013363 0.19288433236404784 0.2866658480267262
3 0.11513359972885351 0.5740107593491357 0.23026719945770702 0.2730215186982713
3 0.24447969038252074 0.4145914007001803 0.2827044574527388 0.25327264003818006
3 0.4999757114597596 0.41287654873486046 0.3312510417616942 0.27258626137808883
3 0.41434780454931375 0.22436748472308832 0.32024990924813695 0.2615214920432708
3 0.6732279008603216 0.17815774542485943 0.27797150565734086 0.24540559603754372
3 0.7768291029503074 0.36609464477240417 0.33429422852997775 0.25856012404517975
3 0.7270144135497453 0.6022497734324954 0.33455784894328655 0.3038726240451798
3 0.4736121575978169 0.6469606473981333 0.3296430899662962 0.26475558004454347
3 0.2683974167711991 0.7352038927036801 0.22472833098930572 0.2244749306969986