3 0.10510268863808662 0.06796875 0.20929609514371963 0.1046875
3 0.11826558135366609 0.225 0.23198475204506405 0.29375
3 0.350437920691398 0.06875 0.2570803772761733 0.1359375
3 0.6577275834652372 0.05078125 0.23420516693047427 0.1015625
3 0.8829859962390764 0.0328125 0.1815969924781527 0.065625
3 0.873228214502334 0.15390625 0.2329729390337981 0.2203125
3 0.9157256030612786 0.5015625 0.1685487938774429 0.2375
3 0.9267433225781774 0.70390625 0.14651335484364517 0.2015625
3 0.8789255996960662 0.86796875 0.24214880060786753 0.2296875
3 0.6955283588007591 0.9203125 0.2229781619159093 0.1453125
3 0.2966422294130149 0.95859375 0.2586595976510021 0.0828125
3 0.15271272149545606 0.871875 0.2371436134861197 0.25625
3 0.14012883880900645 0.62734375 0.2514334340192331 0.2640625
3 0.24976694860070947 0.4484375 0.2804844365265156 0.2421875
3 0.5017098818285197 0.4078125 0.3294220416993651 0.259375
3 0.3841633659934022 0.234375 0.3181208288463836 0.246875
3 0.6309043221824661 0.14921875 0.2755241518867795 0.2328125
3 0.7655474098043383 0.31953125 0.33209240063313816 0.24375
3 0.7577278642775426 0.5609375 0.3318938238318186 0.290625
3 0.5163647298752332 0.64296875 0.3291947211662517 0.2515625
3 0.32917226992524573 0.7609375 0.22346154671393004 0.215625