3 0.15445914561857335 0.2840996302246179 0.2489161877801568 0.23688697663298627
3 0.13140339350700228 0.45897299686586795 0.22511497492717533 0.223841462765278
3 0.18086749907556318 0.6274677705172221 0.21206940564770319 0.2048005220358334
3 0.2846493801126601 0.728247060886076 0.1834443004748537 0.18695840539458358
3 0.41621396568946833 0.601663764248958 0.22520590314042063 0.22696646276527802
3 0.34407087806759606 0.4329150706697219 0.21247858260730731 0.21886302203583358
3 0.5945913667848249 0.5255883074676037 0.21261497492717538 0.22355052203583342
3 0.5467856672596787 0.7096373055677426 0.2146943004748536 0.18768575721819455
3 0.8809417069139798 0.6674614572595132 0.20903533386094858 0.20785278685347244
3 0.8575854602791921 0.48272343455808964 0.1948819056477035 0.20440047853284735
3 0.5585161598043383 0.3067480417000342 0.2104159774344577 0.2016391544446529