3 0.1842856765437752 0.2267153993077739 0.2748671810047068 0.2640828707033619
3 0.12418288372658284 0.39379435864895534 0.2483657674531657 0.24816696936663477
3 0.13457640828312592 0.5686307266470464 0.23517738960884893 0.22769083736472578
3 0.21452123255342487 0.6872074566359105 0.20513533360249453 0.20703289202736244
3 0.3709133287378211 0.5877512546149115 0.2512387662320544 0.2528726507001803
3 0.33656342248658544 0.4077188566200022 0.23701262499835235 0.24333401869827131
3 0.5614525539810548 0.5456984725891398 0.23862967207625302 0.24647720003181667
3 0.47409110146599254 0.717774014600594 0.23646715421934558 0.21208401869827115
3 0.8103871116122623 0.7380746872215507 0.23210693668674978 0.23077947469763505
3 0.8276815259778776 0.5527548052196416 0.21796261606989872 0.22592834269572606
3 0.5739191465120032 0.32372347525463996 0.23199784253094827 0.22452947469763496