3 0.11720929857577692 0.6688040212736306 0.11820565467854491 0.08818177693097126
3 0.2029875453135009 0.14490291296057006 0.11204656134627208 0.09595791549465287
3 0.29732734396881966 0.2279421510567134 0.11213746801399935 0.10377041549465282
3 0.2133148759548203 0.3315489400879331 0.10901246801399936 0.1037522347764936
3 0.09649954595004775 0.3673824218393646 0.09951019867918123 0.09276019262201593
3 0.8115438379615018 0.2788531277399794 0.099455654678545 0.08807269262201593
3 0.7338295599936366 0.04491602761834238 0.12296588001272682 0.08983205523668476
3 0.4920045919796373 0.1471274465308408 0.10428860534690845 0.10059996369925477
3 0.15181956122695944 0.7826574430147994 0.11222837468172657 0.11158291549465282
3 0.13304119454173302 0.919476186964675 0.11204656134627214 0.09595791549465318
3 0.23189741255573235 0.8157830395221991 0.10110906134627218 0.09589428298109545
3 0.3337593572167781 0.8565938710024842 0.10919428134945379 0.11937723477649342
3 0.3234951139004137 0.7316620486955813 0.10432496801399935 0.10372496369925485
3 0.33202632391791287 0.602714892079723 0.10901246801399936 0.10375223477649378
3 0.4538831425843674 0.6035683440715127 0.10910337468172653 0.11156473477649378
3 0.6379961552753208 0.4236030672387373 0.09642156134627218 0.09586701190385671
3 0.7103080546228656 0.3185019559006147 0.11678860534690845 0.10067268657189174
3 0.9554847419637291 0.26161056470465455 0.06787839067472703 0.059765885440423536
3 0.9331722952737301 0.4336037393726896 0.10116360534690827 0.10058178298109546
3 0.7748330839433664 0.41265141081927076 0.11213746801399935 0.10377041549465282
3 0.7659751572645032 0.5025406126146688 0.101109061346272 0.09589428298109545
3 0.939803008593276 0.5351207875772914 0.10437951201463562 0.10841246369925486
3 0.672614961250822 0.6038581938003663 0.11687951201463562 0.10848518657189174
3 0.8140752079090042 0.6655309711241211 0.10901246801399936 0.1037522347764936
3 0.7864854625636866 0.7539667572284745 0.10897610534690845 0.10062723477649378