3 0.121875 0.66328125 0.115625 0.0859375
3 0.2109375 0.140625 0.109375 0.09375
3 0.3046875 0.2265625 0.109375 0.1015625
3 0.2203125 0.328125 0.10546875 0.1015625
3 0.103125 0.3609375 0.09765625 0.08984375
3 0.81875 0.2890625 0.09765625 0.0859375
3 0.74296875 0.0484375 0.1203125 0.096875
3 0.5 0.15 0.1015625 0.09765625
3 0.15625 0.77734375 0.109375 0.109375
3 0.13671875 0.9140625 0.109375 0.09375
3 0.2359375 0.8125 0.09765625 0.09375
3 0.3375 0.85546875 0.10546875 0.1171875
3 0.328125 0.73046875 0.1015625 0.1015625
3 0.3375 0.6015625 0.10546875 0.1015625
3 0.459375 0.60546875 0.10546875 0.109375
3 0.64453125 0.4296875 0.09375 0.09375
3 0.7171875 0.3265625 0.11328125 0.09765625
3 0.9625 0.275 0.06640625 0.05859375
3 0.9390625 0.446875 0.09765625 0.09765625
3 0.78125 0.421875 0.109375 0.1015625
3 0.771875 0.51171875 0.09765625 0.09375
3 0.9453125 0.5484375 0.1015625 0.10546875
3 0.678125 0.6109375 0.11328125 0.10546875
3 0.81875 0.67578125 0.10546875 0.1015625
3 0.790625 0.7640625 0.10546875 0.09765625