3 0.125 0.6702584787263695 0.1171875 0.08818177693097126
3 0.2046875 0.14728458703942993 0.1109375 0.09595791549465287
3 0.3 0.23143284894328664 0.1109375 0.10377041549465282
3 0.2171875 0.33407605991206685 0.1078125 0.1037522347764936
3 0.10078125 0.3685550781606353 0.0984375 0.09276019262201593
3 0.81484375 0.2883343722600206 0.0984375 0.08807269262201593
3 0.734375 0.05114746876742032 0.121875 0.09445904800821017
3 0.49375 0.1528725534691592 0.103125 0.10059996369925477
3 0.1609375 0.7845300569852007 0.1109375 0.11158291549465282
3 0.14375 0.9211488130353249 0.1109375 0.09595791549465318
3 0.24140625 0.8185919604778009 0.1 0.09589428298109545
3 0.34375 0.8605936289975158 0.1078125 0.11937723477649342
3 0.33203125 0.7355254513044187 0.103125 0.10372496369925485
3 0.3390625 0.6066601079202771 0.1078125 0.10375223477649378
3 0.4609375 0.6089316559284873 0.1078125 0.11156473477649378
3 0.64296875 0.43108443276126274 0.0953125 0.09586701190385671
3 0.7140625 0.3268105440993853 0.115625 0.10067268657189174
3 0.95859375 0.27276443529534544 0.0671875 0.059765885440423536
3 0.93828125 0.44452126062731045 0.1 0.10058178298109563
3 0.7796875 0.4217235891807293 0.1109375 0.10377041549465282
3 0.771875 0.5115218873853312 0.1 0.09589428298109545
3 0.94609375 0.5461292124227086 0.103125 0.10841246369925486
3 0.6796875 0.6117668061996338 0.115625 0.10848518657189174
3 0.821875 0.6750940288758789 0.1078125 0.1037522347764936
3 0.7953125 0.7632207427715254 0.1078125 0.10062723477649342