3 0.5301337808788124 0.0421875 0.21339256175762475 0.084375
3 0.14891252461060622 0.096875 0.21032504922121245 0.19375
3 0.14147341231162075 0.29765625 0.2463534774344578 0.196875
3 0.0794688204666064 0.47578125 0.13856972116625166 0.2515625
3 0.25476198865072186 0.56640625 0.3048479390337981 0.2203125
3 0.0641670470431344 0.8359375 0.08596154671393 0.215625
3 0.8770657514182435 0.71875 0.24586849716351294 0.240625
3 0.918559783386095 0.13046875 0.16288043322781007 0.1796875
3 0.8960830413036536 0.32265625 0.20783391739269277 0.2171875
3 0.5976515529821361 0.1609375 0.22934783386094856 0.203125
3 0.3736290312745238 0.19453125 0.24492736975432586 0.2015625
3 0.7360942758642475 0.0859375 0.19319973370266402 0.1421875
3 0.3293669027447093 0.06953125 0.2056088054894186 0.1390625