3 0.471875 0.0359375 0.20390625 0.071875
3 0.1 0.13671875 0.18359375 0.1875
3 0.1109375 0.34375 0.221875 0.171875
3 0.05859375 0.5296875 0.1171875 0.23828125
3 0.2484375 0.59765625 0.27734375 0.1875
3 0.05625 0.89375 0.1125 0.203125
3 0.884375 0.6734375 0.22265625 0.21484375
3 0.88828125 0.0796875 0.1828125 0.159375
3 0.884375 0.275 0.22265625 0.19140625
3 0.55078125 0.15234375 0.203125 0.1796875
3 0.33203125 0.2125 0.21875 0.17578125
3 0.68125 0.0609375 0.17578125 0.12109375
3 0.275 0.0765625 0.18359375 0.15234375