3 0.43075910399427303 0.04028755064450102 0.2103567920114539 0.08057510128900204
3 0.08396591999522748 0.170893207988546 0.16793183999045497 0.20508858402290803
3 0.10616708931413725 0.37687048798536427 0.2123341786282745 0.19313402402927143
3 0.06304325063654684 0.5664238839910913 0.12608650127309368 0.24840223201781733
3 0.2506036012492311 0.6165313299650016 0.29464198002863495 0.21433740937299817
3 0.08078835120946024 0.9114363919875915 0.13172380935708983 0.17650905068427178
3 0.8808541752466859 0.6279451618794146 0.22614651869827113 0.2354124306969986
3 0.8484369526575459 0.06281488928232053 0.19687609468490805 0.12562977856464105
3 0.8604631433004559 0.23214231321614176 0.24149879869508978 0.21215674403245305
3 0.51857618264641 0.1431643659293669 0.221040848026726 0.19942038669636228
3 0.3051580253023651 0.22454327729154738 0.23506698535963516 0.19645901869827131
3 0.6407426313255913 0.05384042596277444 0.18726473734881743 0.10768085192554888
3 0.23792616665340968 0.09487450596754696 0.19882040268936266 0.16947834802672607