3 0.4404908293682257 0.24684832446944407 0.1302885786919079 0.18891964247680565
3 0.3445532627307243 0.46398323271381914 0.11451812802354437 0.17605596656500017
3 0.5983766020448616 0.3166308815557981 0.11460903469127146 0.18386846656500017
3 0.7728220713717254 0.26490146134357573 0.11457267202418073 0.18074346656500007
3 0.5749856500636333 0.45549401301468695 0.13010676535645338 0.17329464247680554
3 0.8920089707192703 0.3668432082094437 0.10376244135899881 0.19142639342673623
3 0.7887054414385407 0.7568525720009022 0.12551017202418074 0.18099803970326409
3 0.4549180507240428 0.41218238373999966 0.1253647213558171 0.1684980397032639
3 0.4316725494111783 0.5635455151988886 0.11760676535645338 0.1730037017473613
3 0.5448543494191325 0.6195207986338884 0.13041584802672598 0.19985714247680555
3 0.1049907760582246 0.42657872416444437 0.14578630935708983 0.1783458183886113
3 0.05570948607572379 0.5566669208778124 0.10018290802036271 0.15229115824437506
3 0.16195039540895106 0.5534126746775346 0.11737040802036272 0.1526912017473613
3 0.10755489143058643 0.7140969079600346 0.10970335868872624 0.16500936379145834
3 0.21389579809831366 0.7194364117597567 0.10201812802354437 0.17576502583555573
3 0.1427213267822674 0.8484712547496527 0.10970335868872624 0.16500936379145834
3 0.27923099144649477 0.827320340521354 0.1175158586887262 0.1651912017473613