3 0.44140625 0.25625 0.125 0.18359375
3 0.33984375 0.46875 0.109375 0.171875
3 0.59765625 0.33203125 0.109375 0.1796875
3 0.7734375 0.2875 0.109375 0.17578125
3 0.5703125 0.4703125 0.125 0.16796875
3 0.8890625 0.39453125 0.09765625 0.1875
3 0.775 0.7796875 0.12109375 0.17578125
3 0.4515625 0.421875 0.12109375 0.1640625
3 0.4234375 0.571875 0.11328125 0.16796875
3 0.53515625 0.6328125 0.125 0.1953125
3 0.1015625 0.421875 0.140625 0.171875
3 0.0484375 0.55078125 0.096875 0.1484375
3 0.1546875 0.55078125 0.11328125 0.1484375
3 0.0953125 0.709375 0.10546875 0.16015625
3 0.2015625 0.71875 0.09765625 0.171875
3 0.1265625 0.8453125 0.10546875 0.16015625
3 0.2640625 0.8296875 0.11328125 0.16015625