3 0.42890625 0.25687969643264497 0.134375 0.19140677088084707
3 0.33828125 0.47537568725926277 0.11875 0.17881586729005097
3 0.5890625 0.3239166846269841 0.11875 0.18662836729005097
3 0.76171875 0.2690059499486864 0.11875 0.18194086729005096
3 0.56875 0.4630973592950191 0.134375 0.17578177088084707
3 0.8828125 0.36908269712001596 0.1078125 0.1928147347764936
3 0.7890625 0.7602531186647931 0.1296875 0.18200449980360833
3 0.44765625 0.4216143621236895 0.1296875 0.17106699980360815
3 0.42734375 0.5732950367917246 0.121875 0.1741465480082102
3 0.5421875 0.6273143953993726 0.134375 0.20234427088084708
3 0.09765625 0.44240060255752384 0.15 0.18056017447164335
3 0.0515625 0.5731375181503726 0.103125 0.15372496369925487
3 0.1578125 0.5678318737329586 0.1203125 0.15538745764913067
3 0.10703125 0.7298460604030461 0.1140625 0.16628859621281222
3 0.21328125 0.7331341659856323 0.10625 0.1771806444174139
3 0.1453125 0.8632170966055955 0.1140625 0.16628859621281222
3 0.28125 0.8397699853656688 0.121875 0.1663340480082102