2 0.8748681940057468 0.5722940555312723 0.25026361198850644 0.2389999092481368
2 0.37797767609923677 0.8307262625912276 0.34211999050069475 0.26757942720211786
2 0.8822150475870487 0.3323821278381752 0.23556990482590265 0.24202491529826115
2 0.3538400469214586 0.33079898546386466 0.33870404977125024 0.25506124648395856
2 0.36649912860909734 0.10409662665982485 0.32674825721819467 0.2081932533196497
2 0.13335289427975755 0.6938494730690288 0.23986650626826406 0.23730105386194253
2 0.35028386151034774 0.5808535276183424 0.33209037385944457 0.23939988504764004
2 0.1294732137152085 0.19146027127363058 0.23554268218006963 0.2528987827847038
2 0.6424427263486459 0.04189355459841164 0.27696384992375017 0.08378710919682328
2 0.12581827080156255 0.03511079820460191 0.22038654160312507 0.07022159640920382
2 0.12284657969086843 0.4438767441462675 0.22892900626826407 0.23723742134838535
2 0.8821403527735416 0.1034622422995558 0.23571929445291673 0.19981014422102228
2 0.650930639627014 0.20405363652057806 0.3529483877271531 0.26295555971567514
2 0.6391443801277088 0.4697831756499937 0.34004834422416685 0.24569533684303818
2 0.6576443794621187 0.6939246575978169 0.3396483007211808 0.22850783684303835