2 0.8634223219287305 0.49969922466447797 0.2638828760343621 0.2607175058059877
2 0.39636844521805076 0.8373980822781029 0.3549078653723618 0.2977294239901035
2 0.8544762252944109 0.26175895546414807 0.26548173870145286 0.2638879699126104
2 0.3200824966184113 0.3460349478757937 0.3516192333704529 0.28357599577685794
2 0.3087290153166826 0.11940439212201234 0.33717492536599847 0.23880878424402469
2 0.13506841323205013 0.7419110521907133 0.2607215133672712 0.2575015775927424
2 0.34296382391791286 0.5945035401165194 0.3436249200349984 0.26772367524374446
2 0.10402388132559126 0.24382890485628037 0.20804776265118252 0.27171719028743924
2 0.5760988759945912 0.03347877507282464 0.2790522480108176 0.06695755014564927
2 0.0865187553310001 0.0826329920824412 0.1730375106620002 0.10660901583511762
2 0.11110858064131934 0.4951413522698556 0.2222171612826387 0.2565922954602888
2 0.8287238893220914 0.07262854011651942 0.2613022213558171 0.14525708023303885
2 0.6016881273074557 0.17305312279033375 0.365809002705271 0.294922672736462
2 0.6181376412715028 0.4373285714575502 0.35152832670272555 0.27576349577685805
2 0.6600962325748224 0.6571265944188038 0.34976583203372585 0.2585305316702353