2 0.8703125 0.56484375 0.24921875 0.22890625
2 0.3703125 0.8375 0.32734375 0.2546875
2 0.878125 0.325 0.23984375 0.2328125
2 0.340625 0.33828125 0.325 0.24140625
2 0.35078125 0.1046875 0.31484375 0.20859375
2 0.1203125 0.7078125 0.23515625 0.22734375
2 0.33984375 0.58828125 0.31875 0.22578125
2 0.11484375 0.20546875 0.221875 0.24375
2 0.62578125 0.03984375 0.271875 0.075
2 0.10859375 0.04140625 0.215625 0.07890625
2 0.1109375 0.4578125 0.21484375 0.228125
2 0.87421875 0.0953125 0.24140625 0.18984375
2 0.6359375 0.203125 0.33828125 0.25
2 0.62734375 0.46875 0.3265625 0.2328125
2 0.6484375 0.69296875 0.3265625 0.215625