3 0.2535321047899034 0.9117645016232053 0.3879192653564535 0.1764709967535893
3 0.46351870202099904 0.16274683075982546 0.39891240404199807 0.316275205354436
3 0.15872266136218047 0.215227353895034 0.2850680800445434 0.3330342370110612
3 0.1914067973424541 0.07051487175194147 0.2921885946849082 0.13944787824476326
3 0.8504181706715453 0.23749305518898495 0.29916365865690936 0.3067990194784652
3 0.13621405140036055 0.49602734050235336 0.2647555800445434 0.33267968100470674
3 0.22567818276572268 0.7334785219140972 0.43899305872054295 0.4044570438281944
3 0.6026684914464948 0.8368529379045656 0.44293512404517976 0.32629412419086884
3 0.8501060181014953 0.762343050724758 0.2929533053787253 0.33942060470581287
3 0.8695116407940396 0.9449632670428333 0.18737382535009034 0.11007346591433347
3 0.9413528006842717 0.42031128367862947 0.11729439863145644 0.29116256249917605
3 0.7153806466820447 0.12574525730030536 0.2993476613621805 0.21768197240056458