2 0.6359375 0.5375 0.2046875 0.315625
2 0.8953125 0.603125 0.19921875 0.30859375
2 0.26015625 0.3140625 0.1890625 0.26796875
2 0.109375 0.52578125 0.21171875 0.3015625
2 0.64375 0.25546875 0.1703125 0.25546875
2 0.43828125 0.3140625 0.19140625 0.26484375
2 0.73984375 0.815625 0.24375 0.35625
2 0.10078125 0.2515625 0.15703125 0.18203125
2 0.4203125 0.56328125 0.20234375 0.31875
2 0.86484375 0.2984375 0.196875 0.2859375
2 0.26875 0.7671875 0.23125 0.37109375
2 0.08125 0.8234375 0.15859375 0.28828125
2 0.51875 0.89921875 0.24140625 0.18984375