2 0.645153246737724 0.5197195431364363 0.23984648671227066 0.33731014422102223
2 0.8968402793602716 0.5557332694269188 0.20631944127945695 0.3293521984757485
2 0.24614194004613427 0.33843474434265924 0.21895218403881636 0.2871919695529872
2 0.12376914274345101 0.5649432230690288 0.23812035471036164 0.32323855386194256
2 0.6199965160327713 0.237815558163551 0.19847605203690755 0.2730112948849522
2 0.42327660471036166 0.3194342385871226 0.22204082137172562 0.28408515027114645
2 0.7810565734404495 0.7845718626146688 0.28410556405154297 0.3813146742752515
2 0.08544934070654361 0.29327275614832005 0.16635334802672602 0.19782948770335987
2 0.4339890274108601 0.5686075367917246 0.23830216804581603 0.33886355386194256
2 0.844451623368862 0.25682359163562585 0.22854536004136178 0.30599651170746495
2 0.3068469141072223 0.7881120365953328 0.2733316960534521 0.3953135417616943
2 0.12715996144967645 0.8563494730690288 0.1908271840388164 0.28702834308955405
2 0.5697747227879943 0.8904956514494968 0.2618476613621805 0.21400899960721667