2 0.6277878935236454 0.5030762214115619 0.25480313487736145 0.346371079406528
2 0.8794770268823953 0.525327855435902 0.22337129692145866 0.33783122758291684
2 0.22859059337114554 0.34370905993614564 0.23180073955076413 0.2974244331300002
2 0.11625686037298592 0.5768690116835069 0.23251372074597185 0.3337619766329862
2 0.6030658761405554 0.22333482323517312 0.21112456363895848 0.28132665444465293
2 0.40573497483003446 0.3145995221327427 0.2332905043684029 0.2943358007211807
2 0.7631207557964924 0.7607224544097215 0.2996077950215977 0.39270187195958356
2 0.07805030518649296 0.30672081905420134 0.15610061037298592 0.20530836189159735
2 0.4163405940367356 0.5634364124253468 0.25331337005972243 0.3494597118153475
2 0.8277749354111108 0.23059789010517293 0.24161215064493077 0.3163926386770835
2 0.289265028497916 0.7897105845374303 0.2905601033422226 0.40654616641250013
2 0.10961258966833261 0.8594814899320138 0.203275696047778 0.27958231648875015
2 0.5527079730270825 0.8772780940367356 0.270716462765278 0.22493249050069472