3 0.3815006538759721 0.19960779502159753 0.25189372758291684 0.221371079406528
3 0.7098971043890623 0.2627501067606951 0.2549459924005557 0.21831881458888916
3 0.6369109332269094 0.40956924895316027 0.21998911094166687 0.19251872758291685
3 0.8584761554914927 0.46162663069638965 0.22965505167111147 0.20523693313000013
3 0.5933940565176732 0.5664543753780561 0.2724608007211806 0.23278135809187522
3 0.36592759242121503 0.33134810429215306 0.2265300516711113 0.20516419794763915
3 0.1647813600886455 0.4095237364166321 0.2247857137152085 0.19731533035645848
3 0.14115810287045089 0.6184623253224654 0.22478571371520845 0.19731533035645848
3 0.38400152593246484 0.5287504343642712 0.2404470813063891 0.19924150626826406
3 0.3499687519967703 0.6811662663362503 0.24099259517409743 0.22267900626826406
3 0.1043808822213882 0.8216230397032639 0.17231402393569456 0.1570526998475003
3 0.3852113485020478 0.9132114542643578 0.22424019984750015 0.17357709147128447
3 0.1500719758768742 0.9711853221883334 0.1966944684648612 0.057629355623333114
3 0.8310382204616313 0.6329561168286812 0.2344516544446531 0.21003353590354196
3 0.6129032034597911 0.7693618230413547 0.21039590539458358 0.1829255220358334
3 0.7414652677643396 0.71998203172257 0.123512848023889 0.14030030452090295
3 0.8545438831713188 0.8656601672655215 0.2326345813063888 0.19905966831236127
3 0.737754467043159 0.9465808993137508 0.1393547471502085 0.08288784802388918
3 0.5726015925181243 0.9479699469977085 0.19800370174736112 0.10406010600458301