3 0.40674438280814496 0.17884842194463893 0.2371101563212708 0.20430788136536218
3 0.731289864854164 0.2531917045671864 0.2402169756031114 0.20121924403245303
3 0.6507660518188392 0.3978689525780041 0.20726812021691715 0.1773999360279987
3 0.8691569826351943 0.4570423158816418 0.21671584308955402 0.19000902402927142
3 0.599084856269957 0.553147345918231 0.2574771984757483 0.21391923870145285
3 0.3841103378249968 0.30957171061427513 0.21359084308955412 0.18997266136218052
3 0.17902286202549367 0.3807034653087284 0.21198289129415607 0.18214198002863508
3 0.1450013442679045 0.5888977733131828 0.211982891294156 0.18214198002863496
3 0.3923308622218854 0.5079001226130024 0.22761698165323557 0.18388629336408951
3 0.3500473925707023 0.6591631779519567 0.22619083703942994 0.20730561203054415
3 0.09773948312617362 0.7902153726527734 0.16177381303532484 0.14562267735518084
3 0.37291167906783923 0.8916938672820024 0.2134090359079618 0.15872266136218052
3 0.1326906791660351 0.9593284519812281 0.18951701795398085 0.08032494135899881
3 0.8330098834955161 0.6277638958864143 0.22143061416679294 0.1947510680299077
3 0.6080593595896067 0.7561541672501857 0.19941016842151918 0.16949652936027135
3 0.738782639643836 0.710886025899141 0.11482609016268804 0.13257723734881743
3 0.8441554199926529 0.8604309452180507 0.21980448165323593 0.18379538669636233
3 0.7234065827568312 0.9368309079010502 0.13479315651766247 0.07343859468490806
3 0.5593259020386719 0.9418649479233216 0.19278746369925487 0.1053613040260899