3 0.44140625 0.17578125 0.21875 0.1796875
3 0.75625 0.2875 0.22265625 0.17578125
3 0.6625 0.421875 0.19140625 0.15625
3 0.8734375 0.50625 0.19921875 0.16796875
3 0.5953125 0.5703125 0.23828125 0.1875
3 0.40625 0.303125 0.1953125 0.16796875
3 0.1953125 0.35 0.1953125 0.16015625
3 0.140625 0.553125 0.1953125 0.16015625
3 0.39453125 0.5015625 0.2109375 0.16015625
3 0.3375 0.646875 0.20703125 0.18359375
3 0.07421875 0.7484375 0.1484375 0.12890625
3 0.3375 0.88125 0.19921875 0.13671875
3 0.08984375 0.94375 0.1796875 0.10546875
3 0.8203125 0.671875 0.203125 0.171875
3 0.584375 0.7734375 0.18359375 0.1484375
3 0.71875 0.74375 0.1015625 0.12109375
3 0.80859375 0.9046875 0.203125 0.16015625
3 0.68125 0.9671875 0.12890625 0.05859375
3 0.5171875 0.953125 0.18359375 0.0859375