3 0.6057531555357037 0.7168127117543472 0.13831813231716553 0.14142495159900648
3 0.5193408733401752 0.09854450078556691 0.08171360831306043 0.08016019867214012
3 0.5863703338179761 0.339568955704223 0.09562157220870696 0.05367951190385671
3 0.606721278777683 0.883218961754347 0.14934653590796182 0.15711358411256385
3 0.43354285401145215 0.9287592416121846 0.13824540944452862 0.12892495159900647
3 0.11123047501393626 0.5868727652235064 0.09133404800821018 0.1224022408266178
3 0.11732944232742833 0.29229606342810827 0.11336358411256367 0.14909200585373253
3 0.12990618949875793 0.17112504537593154 0.13358518052176752 0.13358518052176752
3 0.30079540641946656 0.1349734010567134 0.12577268052176754 0.1335397287263694
3 0.3977022226762452 0.1398785487937771 0.11342721662612103 0.1600295058537325
3 0.38222214754067196 0.03189437373295861 0.13319429508134392 0.06378874746591721
3 0.6269624757995033 0.0671591871610669 0.16017495159900647 0.1343183743221338
3 0.6770539002711465 0.21481841969806537 0.17292039129415607 0.18068743949875793
3 0.5442868520665446 0.22340360021983283 0.12590903590796182 0.1569772287263694
3 0.8168607679539809 0.07395609997434319 0.11023858411256349 0.14791219994868637
3 0.8278896924256243 0.22331620004688224 0.1228567587805987 0.16945904800821018
3 0.8500742855151783 0.41069348019930735 0.11793290944452864 0.12880677693097126
3 0.7014549783335859 0.38030706431187106 0.16498971662612102 0.16032948770335986
3 0.5805339451560987 0.41069906714054144 0.13372153590796182 0.15702268052176754
3 0.42067313182618626 0.46241207894620223 0.1336306323171657 0.14139768052176754
3 0.3987839754067197 0.32581604879377707 0.1446590359079618 0.15708631303532483
3 0.29686695140261465 0.2654694221339523 0.1541067587805987 0.1696408551898026
3 0.2719947373105764 0.421869413058766 0.14936471662612102 0.16023858411256367
3 0.10580665592848723 0.46033753630074525 0.11331813231716562 0.14127950585373253
3 0.26899752321853815 0.578142138956465 0.14146131303532483 0.14456813231716553
3 0.23698497481754455 0.715833036497137 0.12896131303532482 0.14449540944452863
3 0.418653131335207 0.7866535548439013 0.1650624394987581 0.17282948770335996
3 0.4255065984523073 0.6217643530485033 0.14929199375348395 0.14773858411256385
3 0.5697787732185382 0.5763922448336386 0.11802381303532491 0.14443177693097126
3 0.692344119627742 0.5600536516458886 0.15414312021691715 0.1758908551898024
3 0.8843407220870698 0.5261230374790956 0.13836358411256383 0.1492374515990063
3 0.7681440712267483 0.697117314410067 0.14464085518980258 0.15396131303532493
3 0.8885202037403058 0.7073548567609363 0.1384272166261212 0.1601749515990063