3 0.6423491856881289 0.7103599906612139 0.16188289734428024 0.165309174511885
3 0.4498278040583344 0.11252864244822273 0.09428633118569749 0.09382391233702041
3 0.5573913609453391 0.3401644930968459 0.10353406615858277 0.0721125535707225
3 0.6722099233914888 0.8749270511317953 0.17448289129415606 0.18271486282348767
3 0.5085428540114523 0.9349592012972462 0.15704995159900648 0.13008159740550768
3 0.13271056527482 0.656156316963403 0.11015677088084712 0.13628414772652384
3 0.08726521330647131 0.36398640787279357 0.1384635780624395 0.16802507142762996
3 0.07874821047780094 0.24275629017804184 0.15401585518980254 0.1557978068171333
3 0.2408755057555366 0.1815302382288772 0.1462033551898026 0.15566143912238162
3 0.33690107806243946 0.1714888108743231 0.14009880093507637 0.18055234496658024
3 0.3026937288245653 0.06543367978689078 0.14269656010845858 0.08998189204448095
3 0.5503908854404236 0.07678778571051967 0.18203177088084707 0.13753873051823945
3 0.6253368641667929 0.20308327881066082 0.20119992739850953 0.2097410129856435
3 0.49583117134838534 0.23206957507778264 0.15101812021691713 0.17761825973923262
3 0.7386085029268663 0.06913674715403564 0.13346700585373253 0.1148182508107789
3 0.7752414153964571 0.18929528854989347 0.1495192527304745 0.18852848620028229
3 0.829416351870153 0.370691338874205 0.13835449375348396 0.14927507142762994
3 0.677826580792914 0.363358305596022 0.1901442527304745 0.1892375982129911
3 0.5640549722834617 0.41136733725264724 0.15883971057599666 0.17931712743398426
3 0.4160719902374426 0.4869013510523649 0.15562380698520073 0.16363758035608367
3 0.37077715007475476 0.35487405519228027 0.16979539129415605 0.18263304220663673
3 0.25959421037960506 0.31075013392680606 0.18080561416679294 0.1953239569792892
3 0.2620793818261863 0.46937115746575647 0.1745010720123153 0.1858398628234877
3 0.10542992690753021 0.5322551668012473 0.13685562626704137 0.16018529788867966
3 0.2864168273750684 0.6244677605500115 0.16503516842151908 0.17005122158978558
3 0.27864120969223405 0.7649427560857847 0.15251698770335986 0.1667080332781829
3 0.47027471866922443 0.8073462646072013 0.1933419756031114 0.20179214529089187
3 0.44823102614540444 0.6436968218313718 0.1728658491396784 0.17331258928453738
3 0.5822060503459012 0.5772923461811009 0.14157039734428026 0.1649546185055307
3 0.7007424269075302 0.5426463851413268 0.1824135659621911 0.2031637305182395
3 0.8839543818261862 0.4802260259679917 0.1619283491396782 0.173121674511885
3 0.7991077249157404 0.6662259813257231 0.16976812021691715 0.17794554220663664
3 0.9187919483775525 0.6581697938248992 0.16241610324489492 0.18408644805083546