3 0.17308907792374698 0.24375 0.09208986282348777 0.1734375
3 0.2926831887219351 0.64296875 0.09472393912238157 0.1453125
3 0.10618085268380859 0.76484375 0.07915348620028229 0.1484375
3 0.46581890544375215 0.79453125 0.1173898717519414 0.190625
3 0.5605722978952702 0.8265625 0.13309669236879246 0.1953125
3 0.573266761367381 0.546875 0.12533873944669302 0.1984375
3 0.4935519878284307 0.5484375 0.10458986282348767 0.1734375
3 0.4818759224865854 0.41171875 0.10445349512873606 0.165625
3 0.7017010474849378 0.17109375 0.1144012394466932 0.1984375
3 0.767444824270299 0.11953125 0.11927965421934558 0.209375
3 0.8003628697266418 0.38203125 0.13772964529089188 0.1921875
3 0.6734013547124034 0.6734375 0.12997169236879244 0.1953125
3 0.5697362069825844 0.3015625 0.07909893912238157 0.1453125