3 0.1980212775136001 0.2284573189872532 0.10357494404836301 0.17713519262201594
3 0.3145067131821858 0.6345351230455876 0.10280205423577744 0.15057269262201595
3 0.12791364680570755 0.7451493944174141 0.08722251834240007 0.15204428903121964
3 0.4871355341110107 0.7956685866466465 0.12912051332783517 0.1960306383672897
3 0.5819539406166436 0.8329327581914235 0.14488190564770315 0.200809041958086
3 0.5964948475844951 0.554158318398078 0.13716033386094856 0.20388859016268784
3 0.5159806334778725 0.5521276649054776 0.11455790815498564 0.1787613251355733
3 0.5057070600417651 0.4138100534691592 0.11433058762187223 0.1709488251355733
3 0.7271943004748537 0.18701224589478338 0.12617736975432586 0.2022624576491306
3 0.7929724131695506 0.13896563133520695 0.13122858260730724 0.21478972872636942
3 0.8248745971887838 0.403169031900941 0.1479159774344577 0.1977022226762452
3 0.6956490645941116 0.6867440803019347 0.14175690564770313 0.2007908612399266
3 0.5940444828447342 0.30887308947531683 0.08713159012915454 0.14891928903121973