1 0.21074958499632648 0.43391541598563216 0.2645726018701528 0.35777718032537587
1 0.6428434257481895 0.6892053413410382 0.2721033007386847 0.309385132120774
1 0.6976461178792261 0.26624456431187105 0.21434534289316254 0.3184237888348281
1 0.20459153034881689 0.14958586778103028 0.20155445140261463 0.2683510659621911
1 0.2124500030250621 0.007589525762125804 0.0032159035907961984 0.015179051524251608
1 0.8611899465308408 0.4887230314289714 0.23140557786604782 0.2966487827847038
1 0.45771847112412106 0.8191842537124332 0.22806240924813698 0.2591306020665446
1 0.1246105344540335 0.8719017501963917 0.19334197560311148 0.19955561416679296
1 0.8492404341360048 0.25989404948114814 0.17484650565734086 0.24319652985783763
1 0.3581068949083933 0.2158779674116879 0.19851126463433122 0.28239538524403185
1 0.5120767774219507 0.20404506704234557 0.18901808996629618 0.26202834308955414
1 0.5000070068356911 0.5330104043763632 0.20023739109776423 0.3105294756031114
1 0.29006736281106055 0.8998444221339522 0.17443743949875792 0.17288402985783763
1 0.5947230465542819 0.9035405521134269 0.20108175273047452 0.18710106596219092