1 0.2078125 0.465625 0.228125 0.33359375
1 0.66640625 0.6765625 0.24140625 0.28359375
1 0.67421875 0.25078125 0.18203125 0.3
1 0.1703125 0.18359375 0.17421875 0.25078125
1 0.1625 0.04140625 0.00078125 0.01640625
1 0.86171875 0.45546875 0.20234375 0.275
1 0.49609375 0.82421875 0.203125 0.23828125
1 0.1703125 0.909375 0.1734375 0.18125
1 0.82421875 0.2296875 0.15078125 0.22734375
1 0.33046875 0.234375 0.16953125 0.265625
1 0.4828125 0.20703125 0.16328125 0.24453125
1 0.50703125 0.53515625 0.16796875 0.29296875
1 0.33828125 0.92109375 0.15859375 0.15625
1 0.64375 0.9046875 0.18203125 0.18828125