1 0.21714274676895876 0.5051489703719698 0.27555204597152805 0.36403877516050825
1 0.7019567707046533 0.6666742203686745 0.2806746506449308 0.3157103693163094
1 0.6475699034947224 0.24245942450858973 0.22464285619201405 0.3241035219140972
1 0.13963011692559046 0.22812677434972922 0.20941659327423637 0.2738580600635442
1 0.11137521751493062 0.0878466477265238 0.003488675911805572 0.015679547077900667
1 0.8634891102760767 0.42662373903636086 0.24128484232430586 0.3009660308425509
1 0.5550850367565632 0.8320110738599666 0.23732338772715308 0.26497398376465037
1 0.24335006259211883 0.9237471915580138 0.19735039152687514 0.15250561688397254
1 0.7935357137152085 0.2059606371699217 0.18379834422416685 0.24685918344033872
1 0.3052012187492016 0.2622541327089901 0.20661890159486127 0.2878660129856435
1 0.45178462480937515 0.21873773213979725 0.1982972553183336 0.26585464529089176
1 0.5233752161837504 0.5432934472367611 0.21036215064493077 0.3144830600635441
1 0.41137336397888963 0.9276318965087078 0.18005378875333342 0.1447362069825843
1 0.7127715566081951 0.8949984488616142 0.20799825721819473 0.2100031022767716