0 0.5606873400699968 0.5220793734086329 0.3258214440642698 0.4771646733768161
0 0.14823224606140625 0.4540073420194082 0.2914464440642698 0.47676468403881633
0 0.7196874333624986 0.2231889820973592 0.2790908000477252 0.3547624147039983
0 0.7753498240769965 0.5761327161043589 0.2587055747135434 0.3482760573679077
0 0.6432116754455403 0.829344244032453 0.31497375604708877 0.3413115119350941
0 0.4602124360279987 0.21157713072881532 0.3249123773869975 0.39903967337681623
0 0.21796075401813556 0.1361118646960441 0.3015465080362711 0.27066013470718
0 0.35926338944140407 0.7987789473464313 0.31873510272117933 0.40244210530713753
0 0.8584372334499946 0.8636112507160887 0.2438976400381801 0.27277749856782274
0 0.33786745806808777 0.505426033378407 0.20681581070972524 0.3195510733609078
0 0.8947857886696362 0.28462756345476714 0.21042842266072767 0.4633919800286351
0 0.14747191410722232 0.7914527980187719 0.28061693738063415 0.3516555960375438