0 0.5453936208222218 0.49027698336420383 0.3313318801277088 0.4790285754848197
0 0.1392592556995832 0.5529732211860439 0.2785185113991664 0.47842855762791225
0 0.6257052487657291 0.16679816761532146 0.28296450246854193 0.3335963352306429
0 0.7659243263693052 0.47705641437220586 0.2627247376509029 0.3497580868489054
0 0.705017315067048 0.7787786014659925 0.31966572188333375 0.3804274342511178
0 0.3727971478920484 0.2223060535740177 0.32951350056868095 0.4009035754848197
0 0.13321189029260416 0.19376186241974594 0.2664237805852083 0.3312262751605081
0 0.41780760258611044 0.8048770458633798 0.32279072188333374 0.3804819813290184
0 0.8935531382053117 0.7645546400224766 0.18459973765090326 0.34839440990138826
0 0.3263156592912148 0.5417378920477762 0.2105076210096531 0.3207330600635441
0 0.833644382124479 0.19301401988879766 0.2639612357510419 0.3860280397775953
0 0.19965636141982568 0.8500743177774772 0.30836323955076417 0.2974512930174157