0 0.2341075876596843 0.39146829991727444 0.2847876517837136 0.29706946347211094
0 0.7234859131477993 0.23912196468663155 0.3838445348997407 0.4237604228870319
0 0.6303997552717104 0.6334702081938097 0.29040245210802507 0.350276284088962
0 0.27644250689326827 0.8891267297074605 0.33202511606989854 0.22174654058507884
0 0.8492438437487643 0.552268621341609 0.3015123125024715 0.35849788717321684
0 0.3681003526739227 0.6851246168806775 0.33897631980277687 0.3589342637964224
0 0.5508424890363608 0.8572608952908919 0.3082251517837136 0.2854782094182163
0 0.8125379196373258 0.8217492784036237 0.3245592637964226 0.33837630194586943
0 0.47210641964062106 0.33470365137667646 0.29703428165332985 0.3722603782447632
0 0.13048335023829075 0.7637642654212755 0.22567747889338635 0.40069329545304766
0 0.14930234496658026 0.14162621266133196 0.2975137483751469 0.2207524253226639
0 0.4141636858759707 0.10251271428288974 0.2939523717519414 0.19569787824476323
0 0.0745513555165918 0.4230477621748646 0.14026608441327343 0.3398455243497292
0 0.9551956091700398 0.7783010616818068 0.08960878165992056 0.33455800649282175
0 0.6631818384737584 0.05062648051494415 0.25761367694751697 0.08259786038785577
0 0.8902273538950339 0.17174137012379312 0.1679547077900679 0.3153364480508353