0 0.27937206337522535 0.30859375 0.28308740937299814 0.2921875
0 0.7965504727084527 0.3078125 0.3814169160566337 0.4171875
0 0.5833901380887687 0.65390625 0.28839307471354336 0.3453125
0 0.16273383477876757 0.82578125 0.3095771840388164 0.2859375
0 0.8301560500874959 0.64453125 0.32129648138127037 0.353125
0 0.3158753740849506 0.62578125 0.33692148138127054 0.353125
0 0.43177473611549466 0.85078125 0.30659763470718 0.2984375
0 0.6990622334499946 0.859375 0.3220226400381801 0.28125
0 0.5248754673774525 0.325 0.29489761338317955 0.3671875
0 0.08935832741881425 0.6296875 0.16868055872054297 0.396875
0 0.26728804467695405 0.07578125 0.3127010893539081 0.1515625
0 0.5448136080124085 0.09140625 0.292752216024817 0.1828125
0 0.09628684337204367 0.28515625 0.18048966804581607 0.3375
0 0.890550299450949 0.86640625 0.17342150803627093 0.2671875
0 0.8065050860120904 0.0890625 0.2577408693507266 0.128125
0 0.9519806706715453 0.2609375 0.09603865865690935 0.378125