0 0.2484375 0.34609375 0.24296875 0.25703125
0 0.759375 0.2640625 0.32265625 0.371875
0 0.59921875 0.63984375 0.2390625 0.3125
0 0.1984375 0.878125 0.29296875 0.24375
0 0.84140625 0.5921875 0.27109375 0.31484375
0 0.33046875 0.65390625 0.28671875 0.3125
0 0.47890625 0.8640625 0.26484375 0.26953125
0 0.746875 0.85078125 0.2765625 0.29375
0 0.49375 0.3234375 0.2421875 0.3328125
0 0.08125 0.6984375 0.16171875 0.37578125
0 0.19921875 0.08671875 0.2875 0.17265625
0 0.47890625 0.08125 0.26796875 0.16171875
0 0.0640625 0.3515625 0.128125 0.321875
0 0.9390625 0.83515625 0.121875 0.3171875
0 0.7375 0.04609375 0.24453125 0.09140625
0 0.9421875 0.1890625 0.10703125 0.365625