0 0.41171875 0.26328125 0.2046875 0.253125
0 0.359375 0.53125 0.225 0.28828125
0 0.61640625 0.58828125 0.23203125 0.30859375
0 0.278125 0.78046875 0.228125 0.26953125
0 0.90390625 0.15703125 0.1921875 0.29765625
0 0.59296875 0.125 0.20078125 0.24921875
0 0.71484375 0.81015625 0.234375 0.3078125
0 0.17265625 0.2921875 0.23671875 0.24296875
0 0.93046875 0.8375 0.13125 0.32421875
0 0.8796875 0.5296875 0.21328125 0.35546875
0 0.49765625 0.8171875 0.23046875 0.31328125
0 0.09140625 0.7203125 0.18046875 0.30703125
0 0.746875 0.2921875 0.18828125 0.26796875
0 0.24609375 0.08984375 0.1765625 0.1765625
0 0.25 0.51171875 0.1734375 0.2734375