0 0.4402686134861197 0.2512137706079118 0.2344277904457238 0.2729487933640895
0 0.3721253333987301 0.5145955652848658 0.2589109648980455 0.3091590133672712
0 0.6260065028364868 0.5913558705840493 0.2673599623907631 0.3311249200349984
0 0.27680578787193433 0.7571926926320925 0.25841085972519606 0.291971513367271
0 0.9122643192794723 0.18314119187623296 0.17547136144105552 0.31455449069063524
0 0.6289099131695506 0.1306029206317743 0.22960389812585583 0.2612058412635486
0 0.7107919944567097 0.8193530539067769 0.2704394982841404 0.3295987827020895
0 0.19987093401923312 0.26182619597391027 0.26388796991261043 0.2654817387014529
0 0.9196498880967259 0.8426707332113693 0.16070022380654833 0.2956044960216353
0 0.8824201838213774 0.5523093625477782 0.23515963235724513 0.3762737880330894
0 0.49404476365703953 0.8101524186028211 0.265933854710631 0.33579423870145286
0 0.10814906459411167 0.6817852546546824 0.18592810596427228 0.3239294906906352
0 0.7732235174844702 0.3059530778962775 0.21916650329870535 0.28526698002863504
0 0.28519936559769077 0.0809403699872733 0.19539873119538154 0.1618807399745466
0 0.26425299742621056 0.4869347366327288 0.20524039561857332 0.28979084802672617