0 0.4178466891139238 0.2608859403825207 0.2105790497712503 0.25431583703942995
0 0.3717399810013894 0.5291592174116879 0.23169163677722243 0.28880901170746504
0 0.6300986480794797 0.5846951033430908 0.23845078305375028 0.3107203731437835
0 0.29629061179468813 0.7788506660838281 0.23438022568305578 0.2700771924256243
0 0.9040062608757466 0.15177247727244114 0.1919874782485067 0.29799311416679297
0 0.5958781572944446 0.1235659958551903 0.20581881458888915 0.2471319917103806
0 0.7337003460271188 0.8059974107210749 0.2415394154625698 0.3091760538619425
0 0.17945698955076414 0.2911830153217022 0.24317334422416687 0.24513173458010193
0 0.9402772746950003 0.8320866911680878 0.11944545060999942 0.3257635901626877
0 0.8908101040078126 0.5245696278381752 0.2183797919843748 0.35748628883482797
0 0.5166765001874312 0.8142922206331417 0.23852351823611145 0.31384537314378347
0 0.10817170953423672 0.7197807139938425 0.18837804787138915 0.3073044816532356
0 0.7536757395507642 0.28784230835994273 0.19375522568305587 0.26984084308955414
0 0.24818488649288203 0.0886034368664793 0.18067203780340294 0.1772068737329586
0 0.2619103861116324 0.5102642925472611 0.1798018284565975 0.27444652985783763