3 0.22166172929712818 0.7087795072181946 0.08105117694751698 0.07997974715020853
3 0.32785936200941357 0.5292939886008335 0.0938511858759707 0.09745818787965277
3 0.6484331404196279 0.37275957997520887 0.11131142126547414 0.11348323138263901
3 0.6366950251605081 0.28189819063253524 0.10451595048646745 0.0820877610179167
3 0.3501302337646503 0.2393054214464933 0.09705800649282174 0.10221842306201392
3 0.5410609711827487 0.35073714997934075 0.09544095941492117 0.09905705547083343
3 0.7761411290555421 0.441330354860834 0.08318642126547413 0.11282861474138883
3 0.5443438839268061 0.2703775027528824 0.08584777110331832 0.08633884992375007
3 0.4336109354689336 0.27951415377906286 0.11443642126547413 0.11355596656500007
3 0.5585559829505762 0.5924525245043755 0.09856595941492116 0.09912979065319441
3 0.23616278571051968 0.5552733007211808 0.05917617694751698 0.07947060087368066
3 0.7642468754020941 0.5652217965402089 0.06410913879807012 0.09364220364722228
3 0.28535208238138327 0.7336898946610072 0.09473184740221222 0.05843205547083343
3 0.226698056813838 0.6393937275829169 0.06866027110331832 0.08593880642076393
3 0.7501082832748877 0.6500143706284034 0.06246481818121907 0.08891833605604163
3 0.25761327150706015 0.39724324838447933 0.05457049756436803 0.08404899810013892
3 0.7430145779171564 0.7357518488769104 0.05295345048646745 0.08088763050895835
3 0.43369848457542926 0.3740090361878823 0.11440914772652384 0.11199346656500006
3 0.34275193059766973 0.4429570983082295 0.12394778896022585 0.12158667211208343
3 0.6510417175293007 0.4774652637707992 0.11605346834337489 0.11671733415618064
3 0.5452553676914563 0.5015547675705212 0.10180005357072233 0.10545252583555573
3 0.6571219423654971 0.69158231515757 0.1195057508107789 0.1355400693385418
3 0.56553841436232 0.6792985610735075 0.10966710064862309 0.10875936379145834
3 0.43734918465485945 0.6278971023922921 0.11427278003177221 0.10418096656499998
3 0.467823663144504 0.7184136528291323 0.1365296095770768 0.12656511284152785
3 0.3447037629823482 0.6889962969214587 0.1096125535707225 0.10563436379145834
3 0.6368151708551417 0.7809169188810422 0.1191784683433749 0.11679006933854161