3 0.30608384544076783 0.7983160923243058 0.08059656667727229 0.07997974715020835
3 0.34350038741245087 0.59064971589941 0.09329656134627218 0.09745818787965277
3 0.588856151376498 0.33158841289711855 0.11066587468172653 0.11348323138263901
3 0.5472766313653622 0.24861160552642403 0.10405224801081765 0.0820877610179167
3 0.26677206604072545 0.30612793911392383 0.09647610534690845 0.10221842306201392
3 0.48125273671227065 0.3470477991056601 0.09487724267981754 0.09905705547083343
3 0.7304714867122707 0.3528484298989589 0.0825408746817267 0.11282861474138901
3 0.45769651070177114 0.269176719033542 0.08535679201145392 0.08633884992375007
3 0.3574879727084526 0.3160497594023961 0.11379087468172652 0.11355596656500015
3 0.5791560767424965 0.571922472167674 0.09800224267981754 0.09912979065319441
3 0.26761059675363236 0.6466802039315628 0.05872156667727228 0.07947060087368066
3 0.7607867900620426 0.47461498033579924 0.06357269867918128 0.09364220364722228
3 0.3732713454407678 0.7998798987450698 0.09440452800763595 0.05843205547083343
3 0.28655204809831364 0.7306921812301391 0.06816929201145401 0.08593880642076393
3 0.776630513407042 0.5608979724520144 0.06195565467854482 0.08891833605604163
3 0.23452428206554243 0.4881403521079516 0.05408861067790856 0.08404899810013902
3 0.798706055418496 0.645763934932952 0.05248974801081765 0.08088763050895835
3 0.38978339938731565 0.40662086122600727 0.11377269334818116 0.11199346656500016
3 0.329200982733906 0.5028405913743753 0.1232567813494538 0.12158667211208343
3 0.6267112347230883 0.4300993012898616 0.11538973734881744 0.11671733415618064
3 0.5368043973981333 0.4897087310013893 0.10119996801399936 0.10545252583555573
3 0.704047536083678 0.6326261956665283 0.11873291335136286 0.1355400693385418
3 0.6152395747533143 0.6524282429692366 0.10904883068109025 0.10875936379145834
3 0.479274802752996 0.6469205125365282 0.11368178668045381 0.10418096656499998
3 0.5371787567631774 0.7232479296146185 0.13581132535009016 0.12656511284152785
3 0.4139321607654045 0.7367811399113545 0.10901246801399936 0.10563436379145834
3 0.7152673940960865 0.7242688350092019 0.11851473734881743 0.11679006933854179