2 0.5984375 0.48515625 0.2703125 0.49921875
2 0.8640625 0.4890625 0.26015625 0.5
2 0.16640625 0.44453125 0.2578125 0.5171875
2 0.3828125 0.22109375 0.259375 0.43125
2 0.38671875 0.71328125 0.25390625 0.47109375
2 0.16171875 0.859375 0.2515625 0.27421875
2 0.63359375 0.853125 0.26171875 0.2796875
2 0.8828125 0.87421875 0.234375 0.24375
2 0.696875 0.14296875 0.2640625 0.2796875
2 0.07109375 0.18671875 0.1390625 0.36796875
2 0.04140625 0.65234375 0.0734375 0.45625
2 0.91796875 0.08359375 0.1640625 0.1671875