2 0.14453125 0.7828721082148646 0.284375 0.29071694535249043
2 0.8484375 0.7213423149802325 0.2984375 0.31579875858420703
2 0.38828125 0.6952277042312851 0.284375 0.3094669453524904
2 0.5953125 0.8348664002711464 0.315625 0.33026719945770716
2 0.23125 0.5263453731437834 0.2703125 0.28907263212077383
2 0.6171875 0.574684441836449 0.2796875 0.2672521742752515
2 0.44375 0.44320666197861147 0.2265625 0.24350560206654456
2 0.68671875 0.425088962815492 0.2328125 0.210729463502863
2 0.3390625 0.9145533793902993 0.340625 0.1708932412194013
2 0.88046875 0.5699661673413645 0.2390625 0.31232832493918145
2 0.846875 0.9197707246211528 0.30625 0.15334421037960483