2 0.46640625 0.50859375 0.36171875 0.534375
2 0.22265625 0.2375 0.265625 0.39765625
2 0.22578125 0.696875 0.2546875 0.51484375
2 0.7078125 0.796875 0.3328125 0.3859375
2 0.65078125 0.2734375 0.25546875 0.26875
2 0.8828125 0.23203125 0.22421875 0.3578125
2 0.44609375 0.1390625 0.22578125 0.278125
2 0.39453125 0.8703125 0.37421875 0.24921875
2 0.90546875 0.50234375 0.1890625 0.30625
2 0.753125 0.54921875 0.27734375 0.340625
2 0.065625 0.5171875 0.128125 0.34921875
2 0.68046875 0.084375 0.278125 0.1671875
2 0.18515625 0.45859375 0.15390625 0.1578125