2 0.590477580766416 0.5042674027070334 0.35466732385996663 0.5379464693565955
2 0.8365752849063313 0.5502349294416129 0.31714005032101655 0.5361658007386847
2 0.17241474228936224 0.3940095961146162 0.3448294845787245 0.5535169272021179
2 0.42351181777747726 0.22201746320827548 0.33110136444504545 0.4409442043294809
2 0.34259168547552427 0.6950322615110732 0.33380935308095977 0.5065782946885605
2 0.12169812743727963 0.8030846142649889 0.24339625487455926 0.3124192285299777
2 0.5608489874246889 0.856705038834828 0.30660810470581285 0.286589922330344
2 0.8039035121814552 0.8973032886384363 0.2739671542193456 0.20539342272312738
2 0.7468908165596613 0.18248837235821652 0.310224028406919 0.3189601200205255
2 0.12146412256601566 0.15853518354682963 0.20082175486796866 0.3167612948849522
2 0.04462888717651226 0.5784022559519284 0.08925777435302452 0.4630545119038567
2 0.9395146931828666 0.15860648652500947 0.1189523717519414 0.1912976865718917