2 0.34921875 0.22734375 0.33828125 0.33359375
2 0.83671875 0.6078125 0.315625 0.3765625
2 0.178125 0.49296875 0.34453125 0.33828125
2 0.646875 0.346875 0.32734375 0.334375
2 0.49765625 0.6234375 0.33984375 0.34765625
2 0.55625 0.09765625 0.2890625 0.19375
2 0.10234375 0.25703125 0.19921875 0.28046875
2 0.1390625 0.7765625 0.278125 0.375
2 0.15234375 0.078125 0.29453125 0.1515625
2 0.90703125 0.33046875 0.17890625 0.2671875
2 0.5859375 0.88984375 0.37109375 0.2203125
2 0.8859375 0.10625 0.21953125 0.2125