2 0.321875 0.24827660471036164 0.371875 0.3715146573838159
2 0.834375 0.5808025821132675 0.33125 0.41166694271163423
2 0.18359375 0.5286988066915898 0.3671875 0.37614761338317954
2 0.6296875 0.3393583274188143 0.3609375 0.37138738804899774
2 0.5109375 0.6286015460693604 0.375 0.3856135200509067
2 0.51328125 0.1083163180696786 0.3078125 0.20826922270845266
2 0.09609375 0.30111815201304487 0.1921875 0.3022363040260897
2 0.1703125 0.8055414753341819 0.315625 0.3889170493316364
2 0.13203125 0.11716132268459008 0.2640625 0.18432264536918014
2 0.88671875 0.2993804067870399 0.20625 0.2867749360279987
2 0.62578125 0.8774999333624987 0.3921875 0.2450001332750027
2 0.8421875 0.10198723878099474 0.240625 0.1871749253659985