2 0.3799118222417041 0.20200925636517328 0.38305360227018087 0.3806395894745142
2 0.8090212548745592 0.6277820146302077 0.36657521428288964 0.42086454597152817
2 0.18363288595869626 0.4487972566495137 0.3672657719173925 0.3867804867009726
2 0.6576804918856205 0.3501687737482634 0.37211610227018105 0.38038501633625027
2 0.47195763149776465 0.6106374143252079 0.38642406412073405 0.39477482465687536
2 0.6019698287345259 0.10571875066559008 0.31481034253094825 0.21143750133118017
2 0.1314879590111793 0.20701045336288182 0.23654106655636595 0.30850740349472244
2 0.12977940868686771 0.7265598871584722 0.25955881737373543 0.4125052256830557
2 0.20432326136408574 0.06504311854111108 0.3132284772718285 0.13008623708222217
2 0.903501506496117 0.3600658781373256 0.18470583116686257 0.2916822729857641
2 0.521309200493058 0.8703202324294788 0.3994035308425509 0.24357600056868095
2 0.901960146104966 0.13519316470645756 0.19477057792045188 0.24193684612402794