2 0.0875 0.0875 0.15234375 0.175
2 0.25078125 0.1 0.1546875 0.1984375
2 0.42421875 0.10859375 0.1515625 0.2171875
2 0.57578125 0.10625 0.1421875 0.2125
2 0.3296875 0.271875 0.15546875 0.2265625
2 0.7296875 0.09921875 0.14609375 0.1984375
2 0.1640625 0.25546875 0.13984375 0.2015625
2 0.834375 0.23671875 0.15625 0.234375
2 0.91328125 0.0875 0.146875 0.175
2 0.50390625 0.2859375 0.14609375 0.215625
2 0.6609375 0.265625 0.1421875 0.2078125
2 0.234375 0.4265625 0.14453125 0.21171875
2 0.59609375 0.446875 0.15078125 0.2140625
2 0.1375 0.5734375 0.1484375 0.20859375
2 0.4171875 0.4390625 0.14296875 0.1921875
2 0.32109375 0.5828125 0.153125 0.2203125
2 0.07109375 0.4015625 0.13828125 0.21953125
2 0.75390625 0.42265625 0.1453125 0.21015625
2 0.22109375 0.746875 0.159375 0.2328125
2 0.06875 0.74375 0.1328125 0.20390625
2 0.50390625 0.60234375 0.146875 0.21640625
2 0.92265625 0.4109375 0.14921875 0.2125
2 0.13203125 0.90625 0.1625 0.18515625
2 0.784375 0.75078125 0.15234375 0.2203125
2 0.60390625 0.765625 0.153125 0.22265625
2 0.84453125 0.56953125 0.14140625 0.19921875
2 0.4046875 0.77265625 0.16015625 0.2328125
2 0.30390625 0.9125 0.1625 0.17421875
2 0.88828125 0.89609375 0.15390625 0.20546875
2 0.6875 0.5984375 0.1453125 0.20703125
2 0.69609375 0.90703125 0.15625 0.184375
2 0.50546875 0.9078125 0.15625 0.1828125
2 0.934375 0.7078125 0.13046875 0.2109375