2 0.5850743698722912 0.4803736787475872 0.3419797458190281 0.5319612613780889
2 0.8396716041047219 0.45364064544872196 0.31229224581902815 0.5316158160407254
2 0.158455411901927 0.4878283586887262 0.316910823803854 0.5490214920432706
2 0.34447212614055533 0.24157261871417965 0.3200670718070837 0.46297490404199804
2 0.39638850389663133 0.7305902127227701 0.32097626158659764 0.502037404041998
2 0.186719950325659 0.8730380580044542 0.2887404173624308 0.2539238839910915
2 0.6563609563095827 0.8422384267584049 0.3009507830537503 0.3127930907065437
2 0.8776910956522561 0.8346548354550853 0.21254159327423636 0.2727124360279987
2 0.6483439681805206 0.14586286608845048 0.3033120636389587 0.28001695337363447
2 0.06269936854111109 0.24214259400859053 0.12539873708222218 0.38428518801718103
2 0.057753376140555354 0.7069863440085905 0.11550675228111071 0.46397268801718106
2 0.8617901787615972 0.07410768678385823 0.18579464247680555 0.13025221602481704