2 0.4693697070599554 0.5148021280633153 0.3734577642415477 0.5449339760502705
2 0.21937775565734077 0.24472379602958955 0.27421122228346173 0.40472605203690737
2 0.23298782122674835 0.7042260653644077 0.26708049921443305 0.5218226453691802
2 0.717894607232906 0.8012685287634955 0.3413441801289842 0.39613284937936155
2 0.6484521773003137 0.27862082208781414 0.26096581283893305 0.27645560136854386
2 0.8794385568870048 0.23599915945253996 0.23178737294739166 0.3636101560311804
2 0.43987608713762577 0.14495270472627 0.2328771742752515 0.28237833736472584
2 0.40585367036642667 0.8731067853477039 0.37961581888905727 0.25378642930459205
2 0.9048970991396782 0.5058304014560397 0.19020580172064355 0.3116113040260897
2 0.7570742401392467 0.5533037434356771 0.2848214693565955 0.34860332137172545
2 0.06945606547121175 0.5249914566756815 0.13485783079291397 0.3531079133513629
2 0.6739238342107596 0.09142990475808671 0.28222266842151916 0.17046014003818005
2 0.18707483664664645 0.46620789735836254 0.15718630698520064 0.16275563335454457