2 0.1334154462362532 0.7507863160603869 0.2668308924725064 0.30469763212077383
2 0.8237843535394825 0.7509116403121974 0.3159805657657994 0.33151466217500314
2 0.36790705826174686 0.684194755460949 0.3018635236113217 0.3220578489432867
2 0.562337793431024 0.8347618611417309 0.33318624648395867 0.3304762777165383
2 0.2267694947354427 0.5028987827847038 0.28612034894328664 0.3016544453524904
2 0.6067746364223823 0.5847997852205907 0.2953771742752515 0.2813964875069681
2 0.4466825398167867 0.4385509782353901 0.23897263817089803 0.2545067345801019
2 0.690423449457707 0.44153157425181044 0.24503174063022612 0.22173059601642037
2 0.29867020317014015 0.9017680748409855 0.35111811416679295 0.19422374043383428
2 0.8691746424725064 0.6035144655459665 0.2565601139704011 0.32335672852997777
2 0.8039662363476274 0.93158738504764 0.31331813231716554 0.13682522990471996