2 0.11861125917120004 0.07781312865180033 0.16847251834240007 0.1544262215897857
2 0.28085284639736086 0.09860468993316052 0.17420569279472176 0.19044554220663673
2 0.45472225541027633 0.11647580275664823 0.17194451082055268 0.22007849512873606
2 0.6063984156768332 0.12302758603483122 0.16270590314042083 0.224602353895034
2 0.3536862558059878 0.2669785888775003 0.17722304420664745 0.2404728157455871
2 0.7604183259433898 0.1296202796214397 0.1654217261808167 0.21059440097293472
2 0.18880540188677947 0.23598986728771462 0.15926265439406198 0.2136103068171334
2 0.8591550058059877 0.2758015787279353 0.17901286473976086 0.2483125892845374
2 0.9308324628529814 0.13342889244492745 0.13833507429403724 0.18680234496658027
2 0.527092663565262 0.29577356493151286 0.16748433135366608 0.2278091745118851
2 0.684632378925526 0.2891531923654972 0.16256951082055265 0.21991485389503396
2 0.2517326138818311 0.4127802382288772 0.16583090314042073 0.22465690097293453
2 0.6124260729738888 0.46436565218745535 0.17212636724704336 0.22632849512873604
2 0.14952891937124974 0.5499881375802541 0.1688649749271754 0.22158644805083547
2 0.43449128958779404 0.44095760551659174 0.16211486975432585 0.20428985389503396
2 0.33221939891727864 0.5758217548679687 0.17543322367353414 0.23263304220663664
2 0.08972670737619812 0.3732523137169922 0.15976275956691144 0.2307978068171333
2 0.771414628067596 0.45386630316039006 0.1657854390337981 0.2230944009729347
2 0.22582830957954672 0.7301353336024945 0.18209240063313822 0.24680463636243816
2 0.08401288261994258 0.7136045783274888 0.13274561850068461 0.21470915665497756
2 0.5144014131030435 0.6110167353862082 0.1675297954602888 0.229371674511885
2 0.9274527132486929 0.4567300247501757 0.1450945735026142 0.22457508035608367
2 0.1302837920285695 0.8815148271096728 0.18068301332783512 0.19836713636243813
2 0.7888200545649818 0.7836901708551418 0.17387072367353404 0.2326057686676865
2 0.6076155186716045 0.7820889403369022 0.17552415188677947 0.23575804220663663
2 0.8563388605166189 0.6083958904163326 0.16077969028743908 0.21207508035608366
2 0.40821491224511375 0.772361564120734 0.18365490063313833 0.24683190990138826
2 0.3019003792547303 0.902470029624735 0.18036476458147632 0.18742963636243815
2 0.8849856638944663 0.9137950876596843 0.17259772868809903 0.17240982468063137
2 0.6982452156894683 0.622815126212873 0.16569451082055267 0.21996940097293471
2 0.6936930741610231 0.9160240150142384 0.17393290815498563 0.16795196997152323
2 0.5028862177345325 0.9081103291382677 0.1742966210079672 0.18377934172346463
2 0.932185160431159 0.7535368409027999 0.13562967913768204 0.22128643912238175