2 0.13368597539871535 0.07339836404130373 0.17362195079743067 0.14516031574558705
2 0.29587750408406255 0.09653367532266391 0.17925500816812515 0.18586713636243807
2 0.467389481382639 0.11748887783772614 0.17852896276527802 0.22177736282348776
2 0.6191156355429515 0.12716566111590913 0.16933580072118062 0.2294262215897857
2 0.360633601158021 0.26165984334172715 0.18376197663298638 0.24529668344033873
2 0.7732400910900349 0.1392271047025176 0.1705709924005557 0.215390995128736
2 0.19657044794763906 0.22521600852141663 0.16439372758291687 0.21840690097293472
2 0.8665205784565975 0.28845158319216213 0.18550631458888917 0.2531364569792891
2 0.9363739110941667 0.14836809983125365 0.12725217781166656 0.1912989301939279
2 0.5332541367772224 0.29669118262626454 0.17253353590354195 0.23260576866768634
2 0.6909757177992711 0.29553956006024895 0.16766419794763898 0.22471144805083537
2 0.25304191954663224 0.40347342207625303 0.17086193313000014 0.22789099512873606
2 0.6114187704203129 0.4675179257264057 0.1771846683123613 0.2311250892845374
2 0.1444871499793407 0.5374608640413037 0.17395056553881966 0.22638304220663663
2 0.43423802137024337 0.43787351582501727 0.1673005220358334 0.20908644805083548
2 0.3263917666205908 0.5687495945595431 0.18045513867708357 0.23742963636243813
2 0.09190374458475724 0.35849038433384317 0.16635627108590298 0.235621674511885
2 0.7714113662600004 0.4632822134688156 0.17238806553881963 0.22635576866768634
2 0.21354954055628533 0.719842715907743 0.18859494699770857 0.2516285040571898
2 0.07717562946211864 0.6987199180190633 0.1269300951740974 0.21931483603812651
2 0.5069884564001047 0.6109485515388323 0.17413240349472242 0.23419554220663663
2 0.925857251234271 0.47156013798070057 0.1482854975314581 0.22928985389503395
2 0.1115538955140285 0.8672205020285949 0.18594141926229185 0.2047262305182393
2 0.7743792442035076 0.7921066428519645 0.18045513867708357 0.23742963636243797
2 0.5938195752255562 0.7850502991032002 0.18052787385944455 0.24055463636243815
2 0.8492486915824659 0.6200464565689567 0.16588349240055572 0.215309174511885
2 0.39427351690493123 0.767510422887032 0.19015744699770848 0.2516557775961402
2 0.28243009317732715 0.894412067774182 0.18412434612402792 0.1937614569792892
2 0.864970489453855 0.9183189464259822 0.17910953780340294 0.16336210714803556
2 0.69092769851632 0.6289969423654972 0.17075283035645866 0.22320349512873605
2 0.6728011732494451 0.9174228737805364 0.17907317021222227 0.16515425243892706
2 0.48352046770236184 0.9063978246740408 0.179509581306389 0.18720435065191837
2 0.924642856192014 0.768230586438573 0.1507142876159719 0.2260830332781829