2 0.4590230292242885 0.5097774374556545 0.43347416233372515 0.5774634873105764
2 0.1881958806836905 0.2723148406536672 0.3199456761334428 0.4283805718159236
2 0.23883939407966642 0.7274427021881815 0.325088918015768 0.5440237525340829
2 0.7287552820669575 0.7652133294371817 0.3855161290555422 0.42563736689726744
2 0.6173885028426691 0.2534132870863121 0.29114674593951495 0.30010103571157004
2 0.8435749017870089 0.18698535295030735 0.2722251964259822 0.3739707059006147
2 0.39972549026076737 0.14920459358053345 0.26304901947846526 0.2984091871610669
2 0.42470693588256136 0.8646285639190877 0.4061990016215578 0.2679612222834617
2 0.8866355604738766 0.4471395194269189 0.21663766964062106 0.32778969847574846
2 0.7479900718379623 0.5135644710259253 0.3236786022701811 0.37372034289316236
2 0.07472944440068267 0.5698579820460191 0.14945888880136535 0.3634090359079618
2 0.626679502435632 0.08141712988127868 0.29976599512873603 0.16283425976255736
2 0.1741258778443167 0.4965926779876847 0.1749296363624381 0.17599993949875792