0 0.1822202732701045 0.37532562197645564 0.2360505220358335 0.20894083736472577
0 0.32756652801975716 0.24078589528963837 0.24459037385944465 0.24028174403245303
0 0.4975867808695488 0.15909844859963945 0.18764938962701408 0.20993971602481704
0 0.39556837955902785 0.07623414131127373 0.14113675911805573 0.15246828262254747
0 0.513708622243924 0.48243595126513955 0.15923344889756966 0.19711245202099903
0 0.3560844923036465 0.8281131726209565 0.17434930262104179 0.17541926535645375
0 0.46422560704503546 0.9081268419398665 0.15232883225631966 0.16891472668681756
0 0.458517854860834 0.7636228639401846 0.10207425911805572 0.1573954240133631
0 0.6902529384483337 0.47960021057450425 0.19270056553881965 0.22561926002545327
0 0.7719172464846183 0.29500648722950473 0.2036744331300003 0.22730902936027145
0 0.876509908244375 0.08826504388132364 0.19455269984750032 0.17096812269254427