0 0.15291713972392326 0.40888230194916464 0.23605052203583354 0.21028648376465037
0 0.2899476270904859 0.25889416436891055 0.24459037385944465 0.24167285145940198
0 0.45548366774368043 0.15916907954860005 0.18764938962701408 0.21100350405718976
0 0.3487628486894791 0.08230418810973181 0.141354964665139 0.16460837621946361
0 0.48941637775607594 0.479540080766416 0.15923344889756966 0.19801258035608366
0 0.35294501558013824 0.8403702609603438 0.17434930262104179 0.1764103157455871
0 0.46538915777260337 0.907910542616969 0.15232883225631966 0.16977848620028196
0 0.450729858570034 0.766036688314898 0.10207425911805572 0.15796823295387147
0 0.6656522226458329 0.45694055763450275 0.19270056553881965 0.22671032467404081
0 0.7365135025654512 0.2643751822291133 0.2036744331300003 0.2284637394466932
0 0.8279964070101041 0.06624696834667011 0.19400718597979177 0.13249393669334023