0 0.0416984971502084 0.08038297524323366 0.08208776101791675 0.10451595048646733
0 0.09415330955489598 0.18672447848964455 0.14433580072118074 0.22898984496658023
0 0.6500084917349657 0.4478872642001642 0.2222088404244449 0.35373647483619663
0 0.5231219494662505 0.5995161736978109 0.1690461664125003 0.28408644805083527
0 0.48543488582729194 0.32240820291880407 0.1802746071419447 0.29677736282348766
0 0.5355764369297222 0.12805027678206593 0.15865287385944454 0.2401728068171333
0 0.6344847559839236 0.049340670044362864 0.1470945119678472 0.07909893912238161
0 0.6623759794827778 0.17399579666756831 0.16995404977125012 0.2559887215897857
0 0.8078709706490628 0.21792484902047474 0.18234494699770848 0.25151940990138844
0 0.0300550951740974 0.21762387662320543 0.0553096683123613 0.22899775324641086
0 0.07778865282913232 0.4566415121748646 0.14088479882131968 0.2820330243497292
0 0.23795720773128487 0.157997280842551 0.19564503400368077 0.2861125982129912
0 0.33507120991548633 0.3041649431795714 0.18329050436840308 0.29214440990138835
0 0.2573683564763546 0.5222506956152033 0.1474608007211807 0.22904439204448082
0 0.3859661351617018 0.5447996258091312 0.165775696047778 0.2777819009729347
0 0.397581008071216 0.8089575831954574 0.1802746071419447 0.29677736282348766
0 0.24736214931375064 0.7633842102257 0.1834359747331252 0.29839440990138844
0 0.18323725940239613 0.35696088636243806 0.17293357940652795 0.24979326866768634
0 0.5433851237625354 0.8616035219140972 0.18470753400368078 0.27679295617180555
0 0.4408796792333688 0.9538222495929629 0.14291615824437506 0.09235550081407418
0 0.30150805470833414 0.9393000535707223 0.1497844072944446 0.12139989285855535
0 0.14073420886864663 0.9447630750810779 0.18695709897381954 0.11047384983784418
0 0.7653899170780903 0.07036801054671624 0.15890483415618065 0.116789853895034
0 0.9034717985369791 0.09776808197434617 0.14756859707395834 0.16657166558343128
0 0.9347607789696877 0.2341965056754523 0.11366637575930554 0.18628414772652374
0 0.9260384359797917 0.45907377475017574 0.14792312804041644 0.30738758035608366
0 0.8053499551658337 0.445132231325723 0.14960518218006946 0.2540716655834313
0 0.9173563798433684 0.7213692232080483 0.16528724031326333 0.3109216834403387
0 0.7732323586605562 0.6757276663909149 0.16381315254479176 0.2605671274339844
0 0.7696391524478827 0.890421411926688 0.1924459924005557 0.21577282467404083
0 0.6542836433298269 0.7322213538917387 0.16366768218006963 0.25431712743398444
0 0.9260618454584378 0.9167771805943744 0.14787630908312438 0.1451057686676865
0 0.36626273926642366 0.10088598457542922 0.15890614057694458 0.18395008035608368
0 0.14209788744281254 0.06573586850553059 0.1379377175149306 0.08831029788867957