0 0.05390625 0.04765625 0.1078125 0.0953125
0 0.1125 0.15703125 0.12421875 0.21875
0 0.64375 0.446875 0.190625 0.3375
0 0.503125 0.59140625 0.14375 0.271875
0 0.49140625 0.31328125 0.15390625 0.284375
0 0.559375 0.11796875 0.1375 0.2359375
0 0.665625 0.04140625 0.140625 0.0828125
0 0.68203125 0.17421875 0.146875 0.24296875
0 0.82265625 0.22578125 0.16015625 0.2375
0 0.03203125 0.18359375 0.06328125 0.225
0 0.06484375 0.425 0.1296875 0.271875
0 0.259375 0.1359375 0.1703125 0.271875
0 0.34296875 0.28671875 0.15703125 0.278125
0 0.24453125 0.5 0.12734375 0.21875
0 0.37109375 0.5296875 0.140625 0.26640625
0 0.3578125 0.79296875 0.15390625 0.284375
0 0.2125 0.73984375 0.15703125 0.284375
0 0.1859375 0.33125 0.15078125 0.23671875
0 0.4984375 0.8578125 0.16015625 0.271875
0 0.38828125 0.946875 0.13359375 0.09453125
0 0.24921875 0.92890625 0.1375 0.13046875
0 0.08828125 0.93125 0.1765625 0.125
0 0.7953125 0.06484375 0.146875 0.1296875
0 0.93125 0.09453125 0.13046875 0.1890625
0 0.9484375 0.2484375 0.096875 0.17734375
0 0.928125 0.4734375 0.1375 0.29609375
0 0.79921875 0.45234375 0.12734375 0.24296875
0 0.9 0.73359375 0.1671875 0.29609375
0 0.74609375 0.68046875 0.140625 0.2484375
0 0.72265625 0.89375 0.17421875 0.2015625
0 0.621875 0.73046875 0.140625 0.24296875
0 0.89296875 0.92890625 0.1671875 0.13046875
0 0.39296875 0.0859375 0.14375 0.171875
0 0.171875 0.0390625 0.13046875 0.07734375