0 0.04267323330695257 0.07009364124253468 0.08534646661390514 0.10356271751493062
0 0.09012959184501436 0.17590657693798603 0.1424843313536661 0.2281639804327084
0 0.6278495860390266 0.4241517876159717 0.21790553167023513 0.35171188962701405
0 0.4906043356433152 0.579586782866319 0.1659505750854599 0.28336062670923623
0 0.4728929645688411 0.3028430981207982 0.1772517879384413 0.2961151998475001
0 0.5356299599499875 0.11256816270968731 0.15686508010002492 0.22513632541937462
0 0.6402696473344329 0.03244359840513865 0.14758570533113408 0.0648871968102773
0 0.6600472867513071 0.14936933995267304 0.16664925705962902 0.25370949430041684
0 0.8017203097125607 0.19057295535965207 0.17901286473976086 0.24931293502986124
0 0.025198576801319567 0.20719425094993055 0.05039715360263913 0.22936149810013892
0 0.061928035497665915 0.4453293773748263 0.12385607099533183 0.2812162452503474
0 0.23628317781753397 0.14361814095819425 0.19251307508545992 0.2839788757593057
0 0.3234385338483133 0.2875843868741317 0.1801949315119506 0.2899379350298613
0 0.22959629097444925 0.5075897219802428 0.14560933135366608 0.22823671561506947
0 0.357039329375109 0.5280450795034372 0.16264371865896923 0.27703789152687525
0 0.3501598774091873 0.7913081457078469 0.1772517879384413 0.29611519984749995
0 0.203822086501245 0.7494323830744095 0.1803767879384414 0.2961879350298613
0 0.16722798627645347 0.3435285284010068 0.16959240063313824 0.24753222948277792
0 0.49225043751745934 0.8449935773192356 0.1815755750854599 0.283724302621042
0 0.38405384112009855 0.9411983897239231 0.14192673871722886 0.10167421561506984
0 0.24464200013301401 0.929609539134583 0.14747805674305986 0.13147081838861113
0 0.08869615782578125 0.9395872172305901 0.1773923156515625 0.11988000816812523
0 0.7701473639483382 0.051283210962326096 0.15658027210332365 0.10256642192465219
0 0.9068972061890639 0.07539155176802048 0.14558058762187223 0.15078310353604096
0 0.9278281686463339 0.203252180474027 0.11156930047485361 0.18528549620027784
0 0.9111250872926678 0.4284885698167006 0.16038253668479996 0.3066526563445141
0 0.7833865321989606 0.41818946229350623 0.147899257059629 0.25327308320625014
0 0.8894473494333688 0.6905346281373256 0.18855300079142268 0.30886977298576407
0 0.7360555764721151 0.6496037696642007 0.160535649379497 0.25825152393569456
0 0.7173269938648079 0.8639572103936451 0.19051265439406198 0.21522887575930555
0 0.6125438686336986 0.7086904417762842 0.160399257059629 0.25356402393569477
0 0.8876705861055336 0.8857562091593743 0.1759213054894186 0.14306293502986128
0 0.36841136770926186 0.08758797953123251 0.15835337226160834 0.17517595906246503
0 0.14677806010827216 0.0535763288378471 0.1368300617576248 0.0875026128415279