0 0.617771341090035 0.1186268952498675 0.15113000816812522 0.1845215453532718
0 0.07560137167524314 0.09286875266550006 0.11682774335048626 0.1857375053310001
0 0.18908264342673617 0.09938983064131934 0.13521406743868072 0.17183973201781738
0 0.30458035685760426 0.09470287798377347 0.1310357137152085 0.18940575596754694
0 0.40365494291364595 0.15237682861236612 0.127292464665139 0.16706132535009016
0 0.08496145393156271 0.25923809265595504 0.14618793502986124 0.1735295013526355
0 0.22295176320211824 0.24512904463718316 0.16050500816812513 0.1846306333545445
0 0.3568189233463544 0.28889613128582037 0.1529107137152085 0.19391472668681722
0 0.08810790377906286 0.42799718332272774 0.14811411094166682 0.18917268268618095
0 0.24826415377906286 0.42613359663431966 0.16882665444465292 0.20659654002227174
0 0.39443129217180595 0.46116148261459333 0.15301981648875013 0.1986022266868172
0 0.06581859574277829 0.6119000159930004 0.1079255220358335 0.20744996801399934
0 0.19154529435600748 0.608092668642592 0.17565853590354186 0.23166926535645338
0 0.34136410961048663 0.6321376012890021 0.165447081306389 0.19562267735518085
0 0.0628066177786118 0.8182409226607275 0.09230052203583353 0.207268154678545
0 0.18255607332569512 0.826225050644501 0.17867443313000017 0.22701812802354446
0 0.34309418303309097 0.840767713956093 0.17387783035645848 0.22227608402290783
0 0.6297518495425004 0.49905928258277665 0.17889263867708358 0.23639312802354445
0 0.7875097981557296 0.4948792178946867 0.16050500816812524 0.18463063335454458
0 0.9258579044446529 0.5158446038749603 0.14828419111069416 0.23621131468808992
0 0.6153666136945493 0.7203802992520947 0.17060735999173637 0.21598972135581712
0 0.923639481382639 0.0986571038749603 0.13703114057694457 0.18279541335136282
0 0.7861576651782293 0.10103831122695943 0.16330269984750015 0.17060449602163535