0 0.6114849734988542 0.12421875 0.14796864057694456 0.18125
0 0.06873377583555565 0.1 0.11366637575930572 0.184375
0 0.18217867999586815 0.10703125 0.13361519984750014 0.16875
0 0.2975854744487848 0.09765625 0.12642094889756966 0.1953125
0 0.39744131050482656 0.15859375 0.1256935970739585 0.1640625
0 0.08123704188746551 0.26796875 0.1445890674386807 0.1703125
0 0.21915461597565994 0.25234375 0.15730727298576408 0.1796875
0 0.35296722473312525 0.2953125 0.14974934612402793 0.190625
0 0.08749030793937536 0.4359375 0.14491637575930572 0.184375
0 0.24759200655260455 0.43359375 0.16562891926229187 0.2015625
0 0.39370459355857673 0.46796875 0.14985844889756966 0.1953125
0 0.06601861749427135 0.62109375 0.10788915444465294 0.2046875
0 0.19401633092513942 0.615625 0.17089830072118076 0.2265625
0 0.34376241099725746 0.63828125 0.16224934612402803 0.190625
0 0.06456913953010486 0.82734375 0.09538915444465297 0.2046875
0 0.18893335989482707 0.83359375 0.17547669794763907 0.221875
0 0.3486356682154521 0.84765625 0.17068009517409735 0.2171875
0 0.6296972981557296 0.50390625 0.17573127108590292 0.2328125
0 0.7874006953821879 0.49921875 0.1573072729857639 0.1796875
0 0.9269752280578821 0.5203125 0.1460495438842358 0.23125
0 0.6192364961033687 0.72578125 0.1674096248093752 0.2109375
0 0.916426393426736 0.1015625 0.13386977298576425 0.1796875
0 0.7790173124046875 0.10546875 0.16014133225631966 0.1671875