0 0.27858008068109025 0.11109105316368535 0.2487294960216353 0.1636842191541537
0 0.5507732540181356 0.1431803989410445 0.2979487933640895 0.2317171988616143
0 0.3173715027052709 0.28985698132901827 0.2619022053628169 0.22171490746575645
0 0.4468061060629971 0.471767274753471 0.3291624306969986 0.22913766964062104
0 0.6935800140435889 0.33313501744657514 0.320096513367271 0.25553652840691904
0 0.7320901727402693 0.5548560588424329 0.3024908426957259 0.21929901947846525
0 0.5544298914305864 0.7259383518631438 0.33746582670272557 0.2714615373353727
0 0.2833992287555414 0.6595012796247349 0.31535446936663486 0.2507672077900679
0 0.3226997281189945 0.8776807150969639 0.3716226507001803 0.24463856980607232
0 0.627342322127585 0.9454018234562248 0.3185147373488174 0.10919635308755034
0 0.8408640940483615 0.8560112301079071 0.3182718119032771 0.26351266964062103