0 0.3044051419875915 0.08962908479993474 0.2487294960216353 0.1608112767345796
0 0.5726187926480009 0.1341592930382405 0.2979487933640895 0.22828057786604777
0 0.32652394796309264 0.26995693423420064 0.2619022053628168 0.21869649960721657
0 0.43918593793763927 0.45678879284184876 0.3291624306969986 0.22533738504764003
0 0.6984438539545021 0.33107013359371185 0.320096513367271 0.25184534289316246
0 0.7161655139242762 0.5536082089256767 0.3024908426957259 0.21580784894328672
0 0.5220962459023226 0.7164450730924699 0.33746582670272557 0.26757033684303816
0 0.2581888345799131 0.637517138956465 0.31535446936663475 0.24713057181592363
0 0.27584685988227814 0.86552396428843 0.37171355736790745 0.25683282474278996
0 0.5741656338717787 0.9411269105246831 0.3184783746817265 0.11278284289316218
0 0.8024457225493691 0.8593355132785987 0.3311249200349984 0.2597214754067195