0 0.15938058694123408 0.26861312373295865 0.24667605386194266 0.2358021863755
0 0.122880526439992 0.4407062923508695 0.22316583098930573 0.22316583098930565
0 0.15981796593874997 0.6123722140920382 0.21055674668035032 0.20434310811666875
0 0.25576224589478336 0.7204114521881816 0.1823317527304745 0.18699198165323577
0 0.3964912641433519 0.6031825246914762 0.22319310206654458 0.22785333098930566
0 0.33688848428551427 0.4300859131569618 0.2106385599120669 0.21840560811666876
0 0.5797213997801671 0.5396144074996211 0.21222833098930566 0.22310219847574847
0 0.518271336253863 0.7204467718628058 0.21359084308955403 0.18873628883482815
0 0.8548900923039872 0.7013002994811481 0.2074499273985097 0.2074499273985097
0 0.8452145895735127 0.5154127964560861 0.19336924668035033 0.20424311416679294
0 0.5604663639704013 0.31862519662903666 0.2089760659621911 0.20120901775758915