0 0.15870639285525984 0.2776864435866085 0.24622398376465032 0.23547739853730273
0 0.12734511890927241 0.449742675729701 0.22256829545304763 0.22256829545304768
0 0.16861282142433462 0.6215046274339844 0.2097410129856435 0.20360010714144483
0 0.2681509456119081 0.7310217236183807 0.18131600405718978 0.18592168344033871
0 0.40592190665168226 0.6147127053544359 0.22262284253094827 0.22569329545304767
0 0.3403945438281945 0.4401842637964224 0.20998647483619665 0.217662607141445
0 0.586807668015768 0.5522650726421506 0.21006829545304767 0.222350107141445
0 0.5305827617645322 0.7316974281620376 0.21256600405718978 0.1864671542193456
0 0.8669060454497522 0.714918625805836 0.20667056006354442 0.20667056006354426
0 0.8519553810841372 0.5295578242637085 0.1925535129856435 0.20330009821299128
0 0.5610734622542949 0.3307894930968459 0.2081239659077429 0.20044783360249455