0 0.1213164219246522 0.6969124573519991 0.12565592306201395 0.09674882535009015
0 0.1765774177436804 0.16928744402449886 0.11958776101791675 0.10448860001590835
0 0.2755584719802428 0.2478038900381801 0.11976959897381949 0.11230110001590835
0 0.19803092439319414 0.35552493602799873 0.11664459897381958 0.11226473734881744
0 0.08296831563572885 0.3971664486791812 0.10697865824437507 0.09965564934754481
0 0.7931271784772568 0.271018502108495 0.10686955547083343 0.09496814934754472
0 0.7006169426293056 0.04878841876190471 0.13001611474138883 0.08274086935072647
0 0.466003593655486 0.15702599073040616 0.11184799620027785 0.10752269334818113
0 0.16326557295083266 0.8083681253580444 0.12151393692972232 0.12013178134945406
0 0.15223454113135337 0.946558468690317 0.11958776101791675 0.10448860001590816
0 0.24464220630958264 0.8374476453691801 0.10705139342673622 0.1027806493475449
0 0.3485478030992007 0.8722595447167251 0.11857077488562506 0.12790791868236298
0 0.33188959280246466 0.7485947780474069 0.111920731382639 0.11064769334818117
0 0.33254616907486056 0.6196612560470888 0.11664459897381949 0.11226473734881744
0 0.45458482323517313 0.6140481500636334 0.11682643692972228 0.12007723734881744
0 0.6277898531547914 0.4246054840865415 0.10392639342673604 0.10274428668045399
0 0.6943799007418401 0.31675716876190474 0.12438436379145834 0.1092306440165447
0 0.935932927527326 0.24611050346113048 0.07336607123840296 0.06489884134309047
0 0.9233023749062845 0.4194480061266305 0.10872299620027803 0.10748633068109026
0 0.7641819480445482 0.40665601010499514 0.11976959897381967 0.11230110001590835
0 0.760510127756076 0.4972628287714498 0.10705139342673639 0.1027806493475449
0 0.9342560990707287 0.5196025474617668 0.11046733415618064 0.11531701201463562
0 0.6736439477602078 0.6033122867599957 0.1245662017473613 0.11704314401654478
0 0.8177381334556593 0.6573469007797221 0.11664459897381932 0.11226473734881744
0 0.7953344969627771 0.7469542934436314 0.11653549620027803 0.10757723734881744