0 0.11171875 0.6380187153484993 0.121875 0.09516814401654479
0 0.23671875 0.12384822203213489 0.115625 0.10290791868236293
0 0.32421875 0.21705387671067983 0.115625 0.11072041868236297
0 0.2328125 0.3120840186982713 0.1125 0.11068405601527206
0 0.1140625 0.3349209873488175 0.103125 0.09807496801399936
0 0.8328125 0.3214094007797221 0.103125 0.09338746801399936
0 0.77421875 0.0754151007717679 0.1265625 0.10616018801718101
0 0.52421875 0.15688108740449672 0.1078125 0.10594201201463571
0 0.1375 0.7539437073519991 0.1171875 0.11855110001590852
0 0.10859375 0.8887636026814084 0.115625 0.10290791868236297
0 0.21484375 0.7954686833624987 0.1046875 0.10121814934754489
0 0.31328125 0.8466141073758617 0.1140625 0.12632723734881743
0 0.3125 0.7216050167090889 0.1078125 0.10906701201463562
0 0.33046875 0.5936891020448616 0.1125 0.1106840560152719
0 0.45234375 0.6076072460614063 0.1125 0.1184965560152719
0 0.64921875 0.4473980940881323 0.1 0.10116360534690845
0 0.72890625 0.35066909209895 0.1203125 0.10608746268299925
0 0.97109375 0.3191121987984939 0.0578125 0.0631727093411815
0 0.94140625 0.48829800346113056 0.1046875 0.1059056493475449
0 0.7859375 0.4505514607733588 0.115625 0.11072041868236297
0 0.7703125 0.5394321474379042 0.1046875 0.10121814934754489
0 0.940625 0.5906326627943578 0.109375 0.11377269334818116
0 0.6703125 0.6312372920909958 0.1203125 0.11389996268299925
0 0.80546875 0.7070287274426768 0.1125 0.11068405601527206
0 0.771875 0.7925753287714498 0.1125 0.10599655601527189