0 0.32027470946049413 0.9313185892878326 0.3795976880171811 0.13316269642598222
0 0.40881302068745357 0.15080477211926344 0.3754203600413618 0.30160954423852687
0 0.12422093936981651 0.26663630073134864 0.24578740404199806 0.31360239853730276
0 0.13154144867918124 0.08991015949764661 0.26290108402290807 0.17330468100470678
0 0.8129192653564535 0.15615753328477355 0.29700445870463454 0.2848149253226639
0 0.13299869207508747 0.5509158433450224 0.25672490404199805 0.31379331330995514
0 0.25274976010499517 0.7691828279237469 0.43859306938254317 0.37008204382819443
0 0.6565565601129494 0.8207400048745592 0.41793512404517974 0.34003998782184014
0 0.8749749173694983 0.6754063652657104 0.2500501652610033 0.3200978603878557
0 0.9243129407224518 0.8870745223277249 0.15137411855509625 0.165309174511885
0 0.937069288013204 0.3188603104771719 0.12586142397359196 0.2834046095770768
0 0.6518175860120904 0.08461691315109458 0.28488517202418073 0.16923382630218917