0 0.3311773709127438 0.9349188589022358 0.3810707748856251 0.1287623668972678
0 0.41059527393569456 0.15209123209511705 0.37896668028020863 0.3041824641902341
0 0.12734897568305575 0.26804549717132964 0.24938828305375024 0.31078400565734077
0 0.13261443787965285 0.09142845501685191 0.2648651998475001 0.17026808996629617
0 0.8149015674386808 0.1655946036376784 0.30025979882131965 0.2813964875069681
0 0.1394366272779171 0.552388680914551 0.26032578305375026 0.31084763817089806
0 0.26175195763437564 0.7720194039835796 0.44281228115388915 0.3650271198241338
0 0.6662407423036465 0.8282678413410384 0.4218087969214587 0.335221445156099
0 0.8780756742962849 0.6855525796335733 0.24384865140743023 0.31711581888905727
0 0.9290959264804866 0.897775323681645 0.14180814703902697 0.16343630698520073
0 0.9382013825509897 0.3297247604499284 0.1235972348980205 0.2819681383672899
0 0.6528542026972918 0.08758077147002231 0.2869584053945836 0.17516154294004463