0 0.16015625 0.2671875 0.078125 0.16796875
0 0.3140625 0.65625 0.08203125 0.140625
0 0.1390625 0.790625 0.06640625 0.14453125
0 0.5 0.7953125 0.1015625 0.18359375
0 0.59765625 0.8203125 0.1171875 0.1875
0 0.5859375 0.540625 0.109375 0.19140625
0 0.50625 0.5484375 0.08984375 0.16796875
0 0.4828125 0.4125 0.08984375 0.16015625
0 0.68125 0.1578125 0.09765625 0.19140625
0 0.7421875 0.1015625 0.1015625 0.203125
0 0.7984375 0.3609375 0.12109375 0.18359375
0 0.696875 0.66015625 0.11328125 0.1875
0 0.5609375 0.296875 0.06640625 0.14140625