0 0.1682924837679456 0.24497621621819374 0.09050008928453739 0.1744209899708701
0 0.29497239164403444 0.6371827851019545 0.09159893912238157 0.14790395407749274
0 0.11075925852800723 0.7674793535234968 0.07602848620028228 0.15057431301126592
0 0.4705064054437521 0.7804373769469688 0.1142375982129911 0.1922904515702104
0 0.5660683214342205 0.808110084389674 0.12994441882984215 0.19743259263643723
0 0.5740752849063313 0.5283316561764286 0.12218646590774292 0.20033027210332383
0 0.4943332378284307 0.5337753256141854 0.10143758928453739 0.17473923871722902
0 0.4803134224865854 0.3975339487337235 0.10130122158978558 0.16692673871722893
0 0.6962868445628384 0.1476235622863502 0.11124896590774291 0.20001202335696497
0 0.76049539488715 0.09910011190327407 0.11612738068039512 0.19820022380654814
0 0.798895827112968 0.35312575303600785 0.1345500982129913 0.1928814849563052
0 0.6765809017903042 0.650285561032709 0.12681941882984216 0.1973416644231918
0 0.5666384805215348 0.2833601369760987 0.07597393912238175 0.14744931301126601