0 0.14114043129377454 0.29056539178513535 0.09108062802354437 0.1739556504675382
0 0.31799963924254965 0.6668546601318998 0.09387836401972631 0.1458488311856975
0 0.15067468455605054 0.8139119881943392 0.07828972668681722 0.1488829275949012
0 0.5110672918921413 0.7915041604264872 0.11628062269254436 0.19128859621281205
0 0.6100769565563687 0.8088956726249317 0.1319601666931806 0.19606699980360814
0 0.5820632339274578 0.5309524798065239 0.12418402936027154 0.1991465480082102
0 0.5030024425923216 0.5446927929400446 0.10358062802354447 0.17402837334017515
0 0.4717444466104571 0.4112899404807166 0.1034897213558171 0.16621587334017515
0 0.6553312953135009 0.14227125400702076 0.11324652936027153 0.19908291549465287
0 0.7129534386537278 0.09340352459328027 0.11784312269254435 0.18680704918656055
0 0.784317719287093 0.3360389138443328 0.13661130402608954 0.1929692708808471
0 0.7002945185789586 0.6419758173369331 0.12883516669318062 0.1960488190854491
0 0.543465999960229 0.2897871243221338 0.07825336401972649 0.1457579275949013