0 0.22714754141569382 0.7525665280197572 0.0719126740119445 0.0703865416031249
0 0.311417357904444 0.5575462751699656 0.08321384992375007 0.08626611474138901
0 0.6108946003049998 0.3519015661075005 0.09912979065319458 0.09912979065319458
0 0.5887306192067012 0.2630566184442019 0.09687630642076392 0.06940592306201392
0 0.2994499136596178 0.26570361407579884 0.0848854526972918 0.0909899823325695
0 0.5015923354873608 0.34623083472486155 0.08321384992375017 0.08626611474138893
0 0.7449961901607636 0.40035986274461866 0.06955139342673622 0.10312630642076392
0 0.4948533326375692 0.26634331297336844 0.07674564437666671 0.07674564437666671
0 0.387149282200729 0.29275838297750034 0.10072865824437507 0.10072865824437507
0 0.5468638954235064 0.5841315314382296 0.08790134992375016 0.08637521751493046
0 0.2237166829425689 0.5977153738594446 0.04854790919430556 0.07296602773541672
0 0.7475737166619092 0.5247058993137507 0.050474085106111136 0.0886273953265972
0 0.2932446668906591 0.7673934006449308 0.08848192496187508 0.04422408510611113
0 0.2240783992232286 0.6829261752462156 0.05803201196784728 0.0778717332825
0 0.7432115653513884 0.6113700979269797 0.05032861474138883 0.08237739532659738
0 0.22668129483416627 0.4367596900638544 0.04400587955902786 0.07910692496187507
0 0.7458806640408675 0.6981979507005215 0.04237064437666671 0.07594555737069442
0 0.39824847672989555 0.3868175075025351 0.10221842306201392 0.09764002583555564
0 0.3165971268061455 0.46933776035232666 0.1102127610179167 0.10563436379145834
0 0.624900589287083 0.4554084258148963 0.10236389342673605 0.10389002583555573
0 0.5231192305296177 0.49603146618375044 0.08960932028847228 0.09266158510611114
0 0.6559284644777078 0.6671823804120491 0.10276393692972227 0.12107752583555573
0 0.5644131117041662 0.6697423763279866 0.09745818787965277 0.09440592306201409
0 0.4314739783454161 0.638507947282049 0.10203658510611113 0.08982752583555573
0 0.47169762842166607 0.723864872243924 0.12125936379145834 0.11057643692972227
0 0.34686128258197857 0.7139242149494794 0.09742182028847228 0.09284342306201392
0 0.646751526598055 0.7592062262517366 0.10545252583555573 0.1024002610179167