0 0.24047352856464105 0.7573631307932989 0.06953179734245411 0.06878767401194459
0 0.31856380792491257 0.5606894589655559 0.08065111067790856 0.08466724715020853
0 0.6117251039545021 0.3494850809251394 0.09485906134627217 0.09749455547083344
0 0.586962008633047 0.2613850156706602 0.09451361600890866 0.06780705547083343
0 0.298517126631138 0.2687376950978475 0.08226815467854491 0.08939111474138901
0 0.5023591946212749 0.34615809954250043 0.08223179201145392 0.08626611474138901
0 0.7471626172820024 0.39561781135784785 0.06678860534690845 0.10152743882958344
0 0.4939114426320925 0.26625239399541706 0.07429202267663584 0.07514677678548623
0 0.38652565662795635 0.294229963999549 0.09800224267981754 0.09912979065319458
0 0.5550825632559127 0.5833866490294103 0.0853567920114541 0.08633884992375015
0 0.2321172305856401 0.6024392414506252 0.046148841343090476 0.07292966014423605
0 0.7535297012651395 0.5200183993137506 0.04787497334499946 0.08702852773541672
0 0.30674341856305026 0.7706275034184725 0.0879727146721816 0.042661585106111136
0 0.23503259790741335 0.6876864104285765 0.05712270401018138 0.07630923328249999
0 0.7517393872533673 0.6067189655181604 0.04780224801081765 0.08077852773541672
0 0.23086490794082087 0.4414290062682641 0.04153406667727229 0.07907055737069442
0 0.7569803232415951 0.6935831858828825 0.04149770401018138 0.07594555737069442
0 0.4002785266152296 0.3883254561157642 0.09796588001272681 0.09600479065319459
0 0.3211535532702302 0.47244457655673633 0.1074317866804539 0.10403549620027785
0 0.6292751359405028 0.45304649201930614 0.09803860534690845 0.1022547906531944
0 0.5287569679344576 0.4952502161837504 0.08699201734563573 0.09262521751493065
0 0.6658922465786403 0.66411193179882 0.09823860001590852 0.11944229065319459
0 0.5744132712444585 0.6682344277147575 0.09480451734563573 0.09280705547083343
0 0.4411195132479585 0.6393437486688198 0.10099997334499947 0.08826502583555573
0 0.48389681190327716 0.7239557912218755 0.11842383068109026 0.10897756933854179
0 0.3589513559039135 0.7163588839274309 0.09476815467854482 0.08968205547083344
0 0.6593507978994592 0.756172145229688 0.10268974267981754 0.09923889342673622