0 0.24921875 0.7515625 0.06953125 0.0671875
0 0.325 0.553125 0.0796875 0.0828125
0 0.615625 0.33515625 0.09453125 0.0953125
0 0.58984375 0.24765625 0.09375 0.06484375
0 0.3015625 0.26171875 0.08203125 0.0875
0 0.50625 0.334375 0.08046875 0.08359375
0 0.7515625 0.378125 0.06484375 0.10078125
0 0.496875 0.2546875 0.0734375 0.0734375
0 0.38984375 0.28515625 0.096875 0.09609375
0 0.56171875 0.5703125 0.084375 0.08359375
0 0.2390625 0.596875 0.0453125 0.071875
0 0.759375 0.50234375 0.04765625 0.0859375
0 0.315625 0.76328125 0.0875 0.04140625
0 0.24296875 0.68203125 0.05546875 0.07578125
0 0.75859375 0.5890625 0.04765625 0.0796875
0 0.2359375 0.4359375 0.040625 0.07734375
0 0.76484375 0.67578125 0.03984375 0.07421875
0 0.4046875 0.37890625 0.09765625 0.09375
0 0.3265625 0.46484375 0.10546875 0.1015625
0 0.634375 0.43828125 0.09765625 0.09921875
0 0.534375 0.4828125 0.0859375 0.08984375
0 0.6734375 0.6484375 0.09765625 0.1171875
0 0.58203125 0.6546875 0.09375 0.090625
0 0.4484375 0.62890625 0.09921875 0.0859375
0 0.4921875 0.7125 0.1171875 0.10546875
0 0.3671875 0.7078125 0.09375 0.08828125
0 0.66796875 0.740625 0.1015625 0.09765625